0 30417 0 0 0 30639 24624 30209
0 30243 0 0 0 27701 5118 6428
0 28373 0 0 0 30520 30486 9945
0 30323 0 0 0 15244 19374 30520
0 13910 0 0 0 30164 14500 13047
0 87 0 0 0 30323 9945 30164
0 6428 0 0 0 8585 30323 14828
0 30417 0 0 0 30499 30414 30164
0 28373 0 0 0 30417 12893 0
0 9945 0 0 0 28816 12117 28414
0 30323 0 0 0 15244 19374 30414
0 6428 0 0 0 30689 18843 30582
0 6428 0 0 0 30689 18843 30597
0 4551 1 0 0 4782 8510 0
0 9945 0 0 0 28816 12117 28373
0 10040 0 0 0 12021 18453 1908
0 30417 0 0 0 8540 0 30166
0 30166 1 0 0 30156 30180 24881
0 18843 0 0 0 30597 30199 30323
0 6428 0 0 0 30689 18843 30465
0 30323 0 0 0 30597 30199 30417
0 1908 1 0 0 0 30166 15676
0 30194 0 0 0 29380 0 30166
0 30254 0 0 0 30323 30414 24288
0 14696 0 0 0 9506 26248 26293
0 30156 1 0 0 28245 30154 30172
0 6194 0 0 0 30164 7232 0
0 2399 0 0 0 8476 1908 0
0 30417 0 0 0 6167 28373 10040
0 6938 0 0 0 9407 0 30166
0 30194 0 0 0 30363 30565 30280
0 6668 1 0 0 0 30166 30597
0 13397 0 0 0 1908 0 30166
0 28373 0 0 0 30323 28650 26688
0 30323 0 0 0 30156 29297 30154
0 30166 1 0 0 25996 24886 25422
0 30166 1 0 0 25584 30546 30417
0 30417 0 0 0 13920 0 30166
0 30156 1 0 0 25053 30154 25102
0 30520 0 0 0 25774 30417 15348
0 30520 0 0 0 27148 30323 30499
0 8454 0 0 0 1908 0 30166
0 26041 0 0 0 30156 30180 24881
0 5285 0 0 0 28373 30520 14035
0 30520 0 0 0 27148 30323 30449
0 13939 0 0 0 2222 1574 0
0 9877 0 0 0 1908 0 30166
0 5775 1 0 0 15457 6807 0
0 25577 0 0 0 28373 21732 0
0 12910 0 0 0 8476 1908 0
0 10171 0 0 0 10040 2441 30164
0 30174 1 0 0 6807 15457 4276
0 2031 1 0 0 0 30166 30597
0 30156 1 0 0 30172 30154 30174
0 13910 0 0 0 30164 4102 0
0 30164 1 0 0 13429 21732 0
0 28373 0 0 0 25598 30323 75
0 10171 0 0 0 21732 0 30166
0 30166 1 0 0 28331 25497 28560
0 18135 0 0 0 19377 30164 30597
0 30156 1 0 0 26938 30154 30295
0 30164 1 0 0 10003 1395 0
0 30166 1 0 0 30180 24881 28650
0 26041 0 0 0 30180 26773 25452
0 30164 1 0 0 30273 30180 28699
0 30166 1 0 0 14096 11019 30209
0 30156 1 0 0 28537 30154 28589
0 1391 0 0 0 1858 0 30166
0 9407 1 0 0 30174 5775 0
0 30417 0 0 0 75 28373 5799
0 30520 0 0 0 27148 30323 30597
0 18135 0 0 0 19377 30164 30156
0 30417 0 0 0 13390 9407 0
0 30499 0 0 0 26439 30317 30281
0 28373 0 0 0 30417 25376 26348
0 30417 0 0 0 30499 10076 0
0 10040 0 0 0 15670 1908 0
0 28373 0 0 0 30417 75 28373
0 10040 0 0 0 6469 30164 30597
0 30417 0 0 0 11517 0 30166
0 10040 0 0 0 541 8476 2446
0 30166 1 0 0 30156 648 66
0 9407 1 0 0 0 30166 3596
0 9153 0 0 0 30722 1908 0
0 30520 0 0 0 26661 2085 5060
0 30423 0 0 0 12198 0 30166
0 30323 0 0 0 30164 2754 0
0 10539 0 0 0 28373 1738 0
0 30164 1 0 0 30156 25557 30154
0 14528 0 0 0 1908 0 30166
0 30156 1 0 0 12952 30154 363
0 28373 0 0 0 26656 26506 2222
0 26399 0 0 0 1574 0 30166
0 30417 0 0 0 2096 0 30166
0 5581 0 0 0 9407 0 30166
0 28373 0 0 0 19377 1822 30164
0 10040 0 0 0 6469 30164 30156
0 9945 0 0 0 28816 5581 30209
0 28373 0 0 0 26656 26506 2085
0 30156 1 0 0 30273 26475 30154
0 30154 1 0 0 29021 30520 30156
0 30417 0 0 0 30499 28373 26656
0 30166 1 0 0 27096 30338 30199
0 30414 0 0 0 28745 28946 28613
0 26656 0 0 0 248 8476 5060
0 28373 0 0 0 30520 4889 10040
0 30156 1 0 0 29175 30154 30194
0 14555 1 0 0 30154 0 30166
0 21732 1 0 0 0 30166 29579
0 30323 0 0 0 75 22235 19374
0 12021 0 0 0 30520 23599 28373
0 2315 0 0 0 30425 7847 2850
0 30323 0 0 0 11947 3033 2857
0 30417 0 0 0 13416 28373 5799
0 12893 1 0 0 0 30166 30597
0 30164 1 0 0 11405 0 30166
0 30154 1 0 0 30273 28650 29066
0 30423 0 0 0 2001 2315 30425
0 10040 0 0 0 3988 10309 438
0 30166 1 0 0 30597 30140 30629
0 13193 0 0 0 1858 0 30166
0 30209 0 0 0 30417 30488 28373
0 30154 1 0 0 26244 30317 30281
0 30156 1 0 0 2215 30154 28327
0 26458 0 0 0 8680 0 30166
0 30156 1 0 0 26052 30154 27146
0 30154 1 0 0 3305 25261 24812
0 30164 1 0 0 30156 26867 30154
0 1952 0 0 0 1858 0 30166
0 28373 0 0 0 26656 10539 28414
0 28329 1 0 0 8380 0 30166
0 1908 1 0 0 0 30166 29201
0 30417 0 0 0 15239 28373 30323
0 2085 0 0 0 30520 2216 2222
0 30417 0 0 0 25934 25727 28373
0 28373 0 0 0 15293 30571 661
0 25261 0 0 0 4467 27074 25266
0 28650 0 0 0 8680 0 30166
0 30414 0 0 0 30626 30216 30388
0 24784 1 1 0 30154 30414 28327
0 30417 0 0 0 6830 9407 0
0 26656 0 0 0 26627 25774 5358
0 30154 1 0 0 30172 28560 30673
0 30164 1 0 0 24784 30164 30173
0 28373 0 0 0 30417 26563 28373
0 3305 0 0 0 25261 4070 25266
0 30338 0 0 0 30199 0 30166
0 30417 0 0 0 30499 26929 28373
0 30520 0 0 0 10003 30323 30164
0 30154 1 0 0 10614 12095 30323
0 30175 0 0 0 25452 30323 5436
0 2085 0 0 0 30520 2216 15037
0 5051 1 0 1 22628 0 30166
0 30164 1 0 0 30156 30180 24881
0 1908 1 0 0 0 30166 28941
0 4762 0 0 0 1908 0 30166
0 28373 0 0 0 10040 12021 13853
0 7400 1 0 1 30414 277 30209
0 7658 0 0 0 30425 19595 30417
0 3316 1 0 0 0 30166 30597
0 3988 0 0 0 15084 438 0
0 1908 1 0 0 0 30166 14096
0 14948 0 0 0 21732 0 30166
0 30417 0 0 0 3801 6428 7799
0 4840 0 0 0 21732 0 30166
0 26688 0 0 0 30417 30639 30414
0 30156 1 0 0 8436 30154 13031
0 30166 1 0 0 30273 30180 28699
0 1908 1 0 0 0 30166 28560
0 30164 1 0 0 8860 0 30166
0 15537 0 0 0 28373 21732 0
0 30166 1 0 0 28650 26688 10171
0 3742 0 0 0 1395 0 30166
0 10040 0 0 0 541 8476 1908
0 30209 0 0 0 6428 30532 29388
0 30323 0 0 0 75 30209 8476
0 9407 1 0 0 0 28360 324
0 30417 0 0 0 26359 0 30166
0 30164 1 0 0 30156 1692 66
0 1574 1 0 0 0 30166 30156
0 28373 0 0 0 6428 6627 30597
0 28537 1 0 0 30154 28589 30164
0 28373 0 0 0 10040 15670 15084
0 8436 1 0 0 30154 13031 29546
0 9407 1 0 0 0 30166 4136
0 2446 0 0 0 30164 1952 10171
0 30417 0 0 0 22334 0 30166
0 5285 0 0 0 28373 30520 29757
0 30520 0 0 0 24955 21732 0
0 30164 1 0 0 28458 29066 30512
0 30445 1 0 0 30154 30363 30372
0 30166 1 0 0 29201 30338 30180
0 30417 0 0 0 27096 28373 30520
0 7585 0 0 0 28373 21732 0
0 30166 1 0 0 29201 30338 30199
0 30417 0 0 0 6058 30209 30417
0 9407 1 0 0 0 30166 4396
0 30166 1 0 0 30488 25774 26087
0 30520 0 0 0 2824 26399 30164
0 30417 0 0 0 6058 30209 30323
0 1574 1 0 0 0 30166 30597
0 30417 0 0 0 27096 28373 30323
0 3801 0 0 0 6428 7799 4611
0 28373 0 0 0 30164 10003 1395
0 30417 0 0 0 75 28373 4396
0 9945 0 0 0 30323 28896 30209
0 30166 1 0 0 2001 2315 2850
0 9407 1 0 0 0 30166 4549
0 30156 1 0 0 1692 30379 4604
0 9654 0 0 0 1364 0 30166
0 9407 1 0 0 0 30166 4726
0 4113 0 0 0 10171 21732 0
0 28373 0 0 0 30323 75 30209
0 30414 0 0 0 30597 30199 30323
0 30424 0 0 0 30323 12450 30467
0 26248 0 0 0 26293 22184 28373
0 30414 0 0 0 30597 30199 30449
0 75 0 0 0 30209 1923 30520
0 28373 0 0 0 2699 1858 0
0 30597 0 0 0 30156 24790 30154
0 2699 0 0 0 194 1858 0
0 10303 0 0 0 11590 1908 0
0 3613 0 0 0 1858 0 30166
0 30414 0 0 0 30597 30199 30280
0 4113 0 0 0 8680 0 30166
0 28373 0 0 0 30164 2754 0
0 30414 0 0 0 30597 30199 30301
0 25577 0 0 0 9407 0 30166
0 28373 0 0 0 6280 0 30166
0 30417 0 0 0 25934 25727 27736
0 30417 0 0 0 1351 0 30166
0 26656 0 0 0 75 30209 15670
0 30156 1 0 0 16420 30154 3305
0 1692 1 1 0 66 24827 30154
0 28373 0 0 0 30417 26968 26563
0 30363 0 0 0 30132 30697 30565
0 26272 0 0 0 25478 28601 30209
0 30499 0 0 0 5430 0 30166
0 2446 0 0 0 30164 2057 21732
0 30156 1 0 0 679 24798 24827
0 28373 0 0 0 30417 25376 25774
0 30565 1 0 1 30176 30417 9204
0 28373 0 0 0 30417 25025 28816
0 30154 1 0 0 29021 28379 24787
0 10003 0 0 0 21732 0 30166
0 30166 1 0 0 29201 30338 30546
0 2441 0 0 0 30164 30597 30199
0 30499 0 0 0 30273 30156 28350
0 26727 1 0 0 0 30166 30597
0 28373 0 0 0 4113 2446 8877
0 28373 0 0 0 10040 4113 2446
0 30486 0 0 0 10040 28650 26688
0 30166 1 0 0 30440 28540 28373
0 30417 0 0 0 2556 9407 0
0 15084 0 0 0 13910 30164 4102
0 30323 0 0 0 30571 30522 30164
0 30417 0 0 0 10040 30520 5452
0 28373 0 0 0 30417 6938 28373
0 30417 0 0 0 25287 28373 30164
0 26248 0 0 0 26293 22184 28816
0 30194 0 0 0 30203 30280 30417
0 30194 0 0 0 30203 30280 30323
0 4390 0 0 0 5437 0 30166
0 26399 0 0 0 8680 0 30166
0 30417 0 0 0 2001 28373 995
0 30156 1 0 0 28322 20172 133
0 28373 0 0 0 30417 30499 28373
0 8730 0 0 0 1908 0 30166
0 30323 0 0 0 30571 30522 30597
0 7232 1 0 0 0 30166 26563
0 10040 0 0 0 12021 15084 7169
0 30414 0 0 0 30156 30472 30154
0 30330 0 0 0 30598 21995 28373
0 30417 0 0 0 15190 0 30166
0 30209 0 0 0 30417 6167 28373
0 28373 0 0 0 1365 0 30166
0 30209 0 0 0 6428 30514 26399
0 30166 1 0 0 25376 25774 26087
0 30164 1 0 0 4840 21732 0
0 28373 0 0 0 30417 29880 28373
0 30166 1 0 0 30330 10171 30323
0 28373 0 0 0 30323 30597 30199
0 28373 0 0 0 26656 5424 2222
0 2085 0 0 0 30520 393 3033
0 9794 0 0 0 1858 0 30166
0 26439 0 0 0 28373 30417 30499
0 30467 0 0 0 30417 30499 28373
0 24635 0 0 0 25345 5100 30209
0 30164 1 0 0 30156 24827 30154
0 30520 0 0 0 30164 25305 30323
0 30417 0 0 0 7585 28373 30323
0 28373 0 0 0 30164 7232 0
0 30164 1 0 0 30127 30460 30209
0 30417 0 0 0 3801 30520 5452
0 2222 0 0 0 30156 30180 24881
0 30417 0 0 0 30175 25452 30323
0 4762 0 0 0 13853 438 0
0 30164 1 0 0 4840 30323 30164
0 2446 0 0 0 30164 2754 0
0 30417 0 0 0 6938 28373 30323
0 19377 0 0 0 1822 27138 26688
0 30417 0 0 0 30499 9407 0
0 30417 0 0 0 75 28373 13667
0 30164 1 0 0 9506 26248 26293
0 30166 1 0 0 26041 30180 24881
0 30154 1 0 0 30465 30216 30388
0 28816 0 0 0 26041 30180 24881
0 10040 0 0 0 8454 2446 30164
0 30417 0 0 0 4136 28373 2073
0 30164 1 0 0 7129 21732 0
0 28373 0 0 0 26656 5424 2085
0 30597 0 0 0 30156 28322 30154
0 30209 0 0 0 26399 425 0
0 30417 0 0 0 26041 21522 0
0 26506 0 0 0 19374 1923 30520
0 30164 1 0 0 4102 0 30166
0 13910 0 0 0 30417 30499 28373
0 30164 1 0 0 8877 0 30166
0 8340 1 0 0 30651 3027 30154
0 28373 0 0 0 30417 27096 28373
0 28373 0 0 0 30417 26041 10040
0 18654 0 0 0 9407 0 30166
0 30156 1 0 0 30180 24881 30154
0 26506 0 0 0 19374 1923 5060
0 30520 0 0 0 905 2085 5060
0 12021 0 0 0 2446 30164 4113
0 9506 0 0 0 8793 3967 30323
0 30417 0 0 0 6167 28373 26656
0 28373 0 0 0 26656 8734 2222
0 13667 0 0 0 1858 0 30166
0 30417 0 0 0 2057 28373 28816
0 28373 0 0 0 13667 30520 26399
0 75 0 0 0 30209 2441 30164
0 30417 0 0 0 6938 28373 30520
0 30164 1 0 0 15390 0 30166
0 30164 1 0 0 30156 5883 30154
0 30417 0 0 0 6938 28373 30414
0 28373 0 0 0 6428 3315 0
0 30417 0 0 0 6938 28373 30423
0 30156 1 0 0 29640 30154 30440
0 30417 0 0 0 75 28373 995
0 30417 0 0 0 15204 0 30166
0 30417 0 0 0 30571 30522 30164
0 30156 1 0 0 3415 30154 28327
0 30156 1 0 0 13734 30154 10614
0 2446 0 0 0 30164 1952 25577
0 9779 0 0 0 1858 0 30166
0 14696 0 0 0 1908 0 30166
0 30156 1 0 0 298 30154 24813
0 30414 0 0 0 26563 30472 28373
0 30323 0 0 0 75 29626 30209
0 28373 0 0 0 30417 25934 25727
0 28373 0 0 0 30520 2057 21732
0 30520 0 0 0 2057 21732 0
0 28373 0 0 0 30417 2096 0
0 30323 0 0 0 27138 26688 30417
0 30414 0 0 0 29704 28373 30323
0 11590 0 0 0 2446 30164 1952
0 30156 1 0 0 28073 30154 25814
0 27524 0 0 0 438 0 30166
0 10040 0 0 0 30414 30164 30597
0 9407 1 0 0 0 30166 23379
0 28373 0 0 0 6428 8585 30323
0 28373 0 0 0 1916 0 30166
0 30156 1 0 0 30173 30154 28327
0 10040 0 0 0 14696 8476 1908
0 15670 0 0 0 13853 438 0
0 30520 0 0 0 30597 30199 30417
0 2754 1 0 0 0 30166 30597
0 30209 0 0 0 30164 30180 24881
0 30417 0 0 0 11479 9407 0
0 6428 0 0 0 30514 2085 5060
0 30486 0 0 0 9945 30164 30156
0 30323 0 0 0 30180 28699 26210
0 28514 0 0 0 8476 2446 30164
0 6406 1 0 0 4551 4782 8510
0 30156 1 0 0 25013 30154 26244
0 2754 1 0 0 0 30166 30488
0 2754 1 0 0 0 30166 30499
0 30520 0 0 0 23599 28373 15037
0 75 0 0 0 30209 1923 5060
0 25660 1 1 0 30164 30172 30164
0 11095 0 0 0 9407 0 30166
0 25854 0 0 0 9407 0 30166
0 10040 0 0 0 9153 2446 30164
0 2556 0 0 0 9407 0 30166
0 8476 0 0 0 2446 30414 30164
0 28373 0 0 0 30323 11947 2222
0 30417 0 0 0 12674 0 30166
0 28373 0 0 0 26656 22235 2222
0 10623 0 0 0 30520 2824 26399
0 268 0 0 0 13910 30164 14500
0 30166 1 0 0 28188 30520 27148
0 30164 1 0 0 10334 0 30166
0 30209 0 0 0 2222 9945 30164
0 30417 0 0 0 30499 30322 30338
0 12021 0 0 0 2446 8877 0
0 25305 0 0 0 30323 9401 2073
0 30488 0 0 0 25774 30180 28699
0 25660 1 1 0 30164 30172 30520
0 1395 1 0 0 0 30166 30597
0 15670 0 0 0 13853 7169 0
0 30154 1 0 0 9506 26248 26293
0 541 0 0 0 8476 2446 30164
0 5799 0 0 0 2446 30164 1952
0 10040 0 0 0 541 8476 4390
0 30520 0 0 0 26399 1952 10171
0 28373 0 0 0 18843 30597 30199
0 30166 1 0 0 25584 30414 29215
0 28373 0 0 0 30417 26727 0
0 30323 0 0 0 30499 26439 26193
0 30417 0 0 0 25376 26348 28373
0 30417 0 0 0 30499 30322 30414
0 30323 0 0 0 30164 7232 0
0 25660 1 1 0 30164 30172 30417
0 28373 0 0 0 6428 30597 30199
0 12095 0 0 0 21732 0 30166
0 10040 0 0 0 11590 30722 1908
0 28373 0 0 0 10040 6469 30164
0 1395 1 0 0 0 30166 30156
0 8476 0 0 0 4390 4852 0
0 26656 0 0 0 8734 30571 2222
0 2446 0 0 0 4113 10171 21732
0 10040 0 0 0 3988 13853 9407
0 2754 1 0 0 0 30166 30156
0 6229 0 0 0 3241 0 30166
0 30423 0 0 0 27995 30417 2001
0 30414 0 0 0 30164 30254 30323
0 18342 0 0 0 8476 2446 30164
0 10040 0 0 0 13939 2222 1574
0 28373 0 0 0 10535 13679 1858
0 995 0 0 0 1908 0 30166
0 30499 0 0 0 9407 0 30166
0 679 1 1 0 66 20204 30154
0 30322 0 0 0 30338 28373 30423
0 10040 0 0 0 15670 15084 438
0 15084 0 0 0 13910 30164 14500
0 28373 0 0 0 2399 2446 30164
0 28373 0 0 0 30417 30488 28373
0 10674 0 0 0 23599 28373 26656
0 30417 0 0 0 18755 0 30166
0 30617 0 0 0 30194 30203 30280
0 29201 0 0 0 30338 10171 30323
0 30323 0 0 0 12450 12117 28414
0 30164 1 0 0 12031 0 30166
0 2222 0 0 0 30273 30180 28699
0 27524 0 0 0 9407 0 30166
0 2315 0 0 0 26399 14034 30164
0 30209 0 0 0 30417 25518 30209
0 26293 0 0 0 22184 5396 0
0 12021 0 0 0 18453 1908 0
0 30417 0 0 0 6938 26656 8734
0 30323 0 0 0 26782 22741 2222
0 21732 1 0 0 0 30166 30411
0 21732 1 0 0 0 30166 30440
0 10171 0 0 0 5396 0 30166
0 21732 1 0 0 0 30166 30499
0 21732 1 0 0 0 30166 30465
0 21732 1 0 0 0 30166 30467
0 21732 1 0 0 0 30166 30488
0 30164 1 0 0 26041 30180 24881
0 28373 0 0 0 30423 25782 2222
0 2857 0 0 0 1574 0 30166
0 4390 0 0 0 438 0 30166
0 27146 0 0 0 26248 26293 5476
0 25584 0 0 0 30546 30417 6938
0 10040 0 0 0 12021 15084 13910
0 21732 1 0 0 0 30166 30278
0 5396 1 0 0 0 30166 30597
0 23599 0 0 0 28373 2222 8680
0 30417 0 0 0 30499 28373 27736
0 7585 0 0 0 28373 30323 30164
0 21732 1 0 0 0 30166 30156
0 1832 0 0 0 2446 8877 0
0 9945 0 0 0 30164 29201 30338
0 30164 1 0 0 26426 30164 26423
0 30156 1 0 0 28567 30154 27162
0 28650 0 0 0 26688 28373 30417
0 28373 0 0 0 30323 15244 19374
0 2155 1 0 0 0 30166 30597
0 30166 1 0 0 26041 30218 14669
0 30417 0 0 0 6938 6428 30514
0 30417 0 0 0 625 28373 30323
0 30417 0 0 0 2258 28373 10040
0 28373 0 0 0 10040 12021 15084
0 2446 0 0 0 30164 7232 0
0 28373 0 0 0 30164 3955 0
0 2446 0 0 0 1952 25577 28373
0 2446 0 0 0 30164 30597 30199
0 30520 0 0 0 26661 2085 30520
0 541 0 0 0 3033 2857 30414
0 30417 0 0 0 4815 0 30166
0 30154 1 0 0 27099 29259 26492
0 30164 1 0 0 12759 0 30166
0 15084 0 0 0 2320 0 30166
0 18923 1 0 0 13265 14555 30154
0 541 0 0 0 3033 2857 30164
0 541 0 0 0 3033 2857 30156
0 28373 0 0 0 30323 18342 3033
0 30425 0 0 0 6167 28373 30323
0 18654 0 0 0 28769 28373 30323
0 30166 1 0 0 30626 30280 30323
0 30363 0 0 0 30565 30280 30417
0 30166 1 0 0 25584 30414 28941
0 30156 1 0 0 28424 30154 30440
0 19070 0 0 0 19377 18135 19377
0 30417 0 0 0 30302 30209 30417
0 30166 1 0 0 30626 30280 30585
0 18654 0 0 0 21522 0 30166
0 14170 1 0 0 0 30166 30597
0 30363 0 0 0 30565 30176 30417
0 30164 1 0 0 30180 28699 30191
0 30417 0 0 0 24856 22235 19374
0 28373 0 0 0 30323 30571 30522
0 995 0 0 0 8476 2446 30164
0 28373 0 0 0 30323 19377 18135
0 30156 1 0 0 14423 30154 9049
0 26656 0 0 0 22235 2222 30156
0 30174 1 0 0 5775 15457 6807
0 30323 0 0 0 75 20883 30209
0 3305 0 0 0 25261 24812 28816
0 15670 0 0 0 15084 13910 30164
0 30164 1 0 0 30156 29468 30154
0 30417 0 0 0 27091 24624 30209
0 27091 0 0 0 30432 30209 30164
0 13390 0 0 0 26776 2073 26782
0 12096 0 0 0 8680 0 30166
0 15037 0 0 0 425 0 30166
0 30417 0 0 0 1952 28373 30520
0 30166 1 0 0 4136 28769 28373
0 30414 0 0 0 30180 28699 26210
0 18843 0 0 0 30175 25452 30323
0 25626 0 0 0 28360 25683 28359
0 25934 0 0 0 24562 0 30166
0 30417 0 0 0 30639 30414 26620
0 30417 0 0 0 3630 28373 30164
0 30417 0 0 0 10539 28373 30423
0 30417 0 0 0 3630 28373 30417
0 30417 0 0 0 12893 0 30166
0 30156 1 0 0 24858 30154 5581
0 30166 1 0 0 30156 30632 30154
0 30414 0 0 0 27138 26688 30417
0 26656 0 0 0 8734 2222 9945
0 30417 0 0 0 3630 28373 30323
0 28373 0 0 0 30417 30488 28769
0 28373 0 0 0 30164 10334 0
0 30417 0 0 0 30156 18863 30154
0 30323 0 0 0 26563 30472 28373
0 10040 0 0 0 4113 2446 8877
0 3114 1 0 1 30156 25559 30154
0 30156 1 0 0 679 66 20204
0 4457 0 0 0 1858 0 30166
0 28373 0 0 0 30164 12055 0
0 30154 1 0 0 26688 30417 26906
0 30164 1 0 0 2389 0 30166
0 28373 0 0 0 10040 541 23771
0 30156 1 0 0 28188 30154 27357
0 10040 0 0 0 11590 15084 438
0 28373 0 0 0 18843 23239 20189
0 10040 0 0 0 10303 4113 1908
0 15537 0 0 0 9407 0 30166
0 8793 0 0 0 14389 0 30166
0 1858 1 0 0 30174 639 0
0 18843 0 0 0 30597 30422 30216
0 28816 0 0 0 4337 2085 15712
0 6167 0 0 0 28373 30323 30164
0 28373 0 0 0 8923 26439 28601
0 28373 0 0 0 30417 11316 30414
0 6167 0 0 0 28373 30323 30185
0 28373 0 0 0 30417 2207 28373
0 30156 1 0 0 23272 30154 21166
0 26293 0 0 0 5476 0 30166
0 30417 0 0 0 7308 0 30166
0 30194 0 0 0 30203 29781 0
0 30571 0 0 0 661 30522 30164
0 28373 0 0 0 30417 26968 18165
0 30209 0 0 0 18342 1908 0
0 26201 1 0 0 30154 28329 27769
0 28373 0 0 0 30417 25025 19070
0 30156 1 0 0 30445 30154 30363
0 26506 0 0 0 19374 2085 5060
0 30156 1 0 0 17129 30154 19495
0 30323 0 0 0 10040 30379 5915
0 26656 0 0 0 26506 2085 30520
0 10040 0 0 0 10234 2446 30164
0 30174 1 0 0 9297 0 30166
0 30154 1 0 0 30363 30372 30697
0 2446 0 0 0 30164 15084 13910
0 28373 0 0 0 9459 0 30166
0 3988 0 0 0 13853 7169 0
0 4390 0 0 0 7169 0 30166
0 30323 0 0 0 14563 0 30166
0 6167 0 0 0 28373 30323 30597
0 9407 1 0 0 0 30166 10826
0 30417 0 0 0 6167 28373 14696
0 4017 0 0 0 8476 2446 30164
0 75 0 0 0 29626 30209 11931
0 28373 0 0 0 5880 0 30166
0 28373 0 0 0 30323 25577 2222
0 4136 0 0 0 28769 28373 2073
0 28373 0 0 0 21732 0 30166
0 8280 0 0 0 9657 0 30166
0 25362 1 1 0 30156 28537 30154
0 28745 1 1 1 28946 28613 6428
0 28816 0 0 0 19377 18135 19377
0 30164 1 0 0 12880 0 30166
0 30499 0 0 0 10076 0 30166
0 30323 0 0 0 13390 26776 2073
0 30156 1 0 0 648 66 20204
0 30323 0 0 0 12450 15037 9945
0 28373 0 0 0 30417 25025 30417
0 13910 0 0 0 11061 0 30166
0 30414 0 0 0 30254 30323 7702
0 28373 0 0 0 12674 0 30166
0 1888 0 0 0 21732 0 30166
0 30166 1 0 0 26041 30338 30199
0 26248 0 0 0 26293 22184 30164
0 6807 1 0 0 15457 4276 0
0 7169 1 0 0 0 30166 30499
0 30164 1 0 0 30156 28993 30154
0 30417 0 0 0 11849 28373 30323
0 7169 1 0 0 0 30166 30597
0 26041 0 0 0 30180 24881 0
0 13390 0 0 0 30411 30172 30421
0 30417 0 0 0 2690 0 30166
0 30417 0 0 0 3546 0 30166
0 30417 0 0 0 6938 9407 0
0 30414 0 0 0 30488 25774 26087
0 995 0 0 0 30722 1908 0
0 9407 1 0 0 0 30166 25996
0 30417 0 0 0 7179 28373 30323
0 28373 0 0 0 4981 0 30166
0 9407 1 0 0 0 30166 11400
0 30166 1 0 0 24288 30323 30414
0 30323 0 0 0 15244 9407 0
0 10040 0 0 0 15670 268 7169
0 30209 0 0 0 21732 0 30166
0 9407 1 0 0 0 30166 25774
0 26248 0 0 0 26293 22184 30414
0 12952 1 0 0 30154 363 9796
0 30417 0 0 0 6167 28373 28816
0 30164 1 0 0 2754 0 30166
0 2222 0 0 0 1574 0 30166
0 30166 1 0 0 30597 30301 30323
0 4390 0 0 0 6924 0 30166
0 30587 0 0 0 30338 19070 30323
0 9407 1 0 0 0 30166 25817
0 9407 1 0 0 0 30166 25854
0 25824 0 0 0 29841 6428 30689
0 30417 0 0 0 16514 0 30166
0 21134 0 0 0 13824 0 30166
0 26248 0 0 0 26293 22184 30323
0 30414 0 0 0 30164 30499 26439
0 30156 1 0 0 24858 30154 28650
0 28373 0 0 0 30323 9153 26399
0 30323 0 0 0 25960 30317 30281
0 9407 1 0 0 0 30166 25497
0 28373 0 0 0 30323 75 2008
0 28816 0 0 0 30180 24881 30417
0 30417 0 0 0 29880 28373 8923
0 9407 1 0 0 0 30166 25584
0 14500 0 0 0 13047 0 30166
0 21732 1 0 0 0 30166 30689
0 9407 1 0 0 0 30166 25242
0 21732 1 0 0 0 30166 30626
0 30156 1 0 0 24858 30154 28560
0 1908 1 0 0 30174 639 0
0 21732 1 0 0 0 30166 30570
0 9407 1 0 0 0 30166 25376
0 15620 0 0 0 9407 0 30166
0 10040 0 0 0 12021 15084 438
0 28373 0 0 0 30520 25774 27138
0 21732 1 0 0 0 30166 30597
0 3478 0 0 0 10171 21732 0
0 9506 0 0 0 26248 26293 22184
0 9407 1 0 0 0 30166 25026
0 1908 1 0 0 0 30166 30597
0 1908 1 0 0 0 30166 30570
0 1908 1 0 0 0 30166 30626
0 9407 1 0 0 0 30166 25203
0 9407 1 0 0 0 30166 25102
0 30156 1 0 0 30632 30154 30597
0 30164 1 0 0 30180 24881 30164
0 30323 0 0 0 30499 26439 28601
0 30154 1 0 0 30440 30338 30199
0 10171 0 0 0 30164 2754 0
0 438 1 0 0 0 30166 23379
0 19377 0 0 0 1822 30164 30467
0 15084 0 0 0 438 0 30166
0 10040 0 0 0 2824 2446 30164
0 30156 1 0 0 131 30154 30174
0 1908 1 0 0 0 30166 30465
0 1908 1 0 0 0 30166 30467
0 1908 1 0 0 0 30166 30499
0 1908 1 0 0 0 30166 30488
0 1908 1 0 0 0 30166 30440
0 28514 0 0 0 8476 1908 0
0 28373 0 0 0 30417 8540 0
0 28373 0 0 0 30417 26359 0
0 1908 1 0 0 0 30166 30180
0 5646 0 0 0 1908 0 30166
0 30209 0 0 0 5396 0 30166
0 1908 1 0 0 0 30166 30156
0 9506 0 0 0 26248 26293 22583
0 30166 1 0 0 30570 30414 30626
0 30164 1 0 0 30156 24858 30154
0 1908 1 0 0 0 30166 30278
0 1908 1 0 0 0 30166 30254
0 30154 1 0 0 30194 30203 30280
0 30164 1 0 0 14984 2212 30164
0 30323 0 0 0 30499 26439 28245
0 30164 1 0 0 30180 24881 30417
0 30323 0 0 0 29579 26656 75
0 30417 0 0 0 2057 9407 0
0 75 0 0 0 2008 30209 11931
0 30154 1 0 0 25497 28560 27905
0 28373 0 0 0 9180 1858 0
0 30156 1 0 0 30472 30154 30173
0 30164 1 0 0 28650 26688 28373
0 10040 0 0 0 14696 8476 4390
0 30417 0 0 0 26041 30520 9720
0 27148 0 0 0 30424 28373 14669
0 30166 1 0 0 30156 679 66
0 30209 0 0 0 6428 2961 15037
0 28373 0 0 0 30417 75 9407
0 4350 1 0 0 0 30166 30597
0 12021 0 0 0 2446 30164 7232
0 75 0 0 0 9407 0 30166
0 30520 0 0 0 13430 26399 1952
0 30156 1 0 0 25558 30154 29021
0 2001 0 0 0 2315 30425 7847
0 28373 0 0 0 30164 10492 0
0 30154 1 0 0 27099 30243 27701
0 28373 0 0 0 30414 30164 30156
0 30520 0 0 0 4889 10040 26600
0 4762 0 0 0 15084 438 0
0 2824 0 0 0 26399 1574 0
0 10171 0 0 0 10040 30414 30164
0 30166 1 0 0 3814 26041 30338
0 30639 0 0 0 30414 26620 25422
0 30209 0 0 0 6428 30514 2222
0 30166 1 0 0 30330 30424 28373
0 30166 1 0 0 23379 30417 6938
0 30417 0 0 0 30499 24339 10040
0 26968 0 0 0 10171 1916 0
0 30154 1 0 0 30194 29380 0
0 30154 1 0 0 3252 21134 30555
0 30417 0 0 0 4977 9407 0
0 10234 0 0 0 1908 0 30166
0 4611 0 0 0 30597 28373 5672
0 30417 0 0 0 30499 21333 28373
0 30166 1 0 0 10614 12095 30323
0 28373 0 0 0 6428 30514 26399
0 15252 0 0 0 9407 0 30166
0 28373 0 0 0 30414 30164 30597
0 30209 0 0 0 30520 27148 30323
0 12117 0 0 0 28414 9407 0
0 30156 1 0 0 29130 30154 30273
0 10535 0 0 0 13679 1858 0
0 30164 1 0 0 5285 28373 30520
0 30323 0 0 0 25594 29656 25667
0 28373 0 0 0 30323 5436 26399
0 28373 0 0 0 30323 18342 4611
0 28373 0 0 0 30417 25102 30265
0 28373 0 0 0 30323 11947 3033
0 28373 0 0 0 30323 12450 12117
0 2375 0 0 0 4611 15084 2320
0 30209 0 0 0 6428 30532 30597
0 28373 0 0 0 30417 19595 30164
0 13910 0 0 0 10040 2441 30164
0 8476 0 0 0 2446 30164 30597
0 30323 0 0 0 12450 2222 30164
0 30164 1 0 0 30597 13910 30323
0 30323 0 0 0 30488 25774 26087
0 14096 0 0 0 11019 30209 30323
0 3814 0 0 0 26041 30338 30199
0 30166 1 0 0 26688 26439 30417
0 25598 0 0 0 30323 75 30209
0 15670 0 0 0 15084 438 0
0 30166 1 0 0 25871 30338 9528
0 26656 0 0 0 22235 2085 30520
0 15670 0 0 0 268 438 0
0 12147 0 0 0 2085 30520 6996
0 5885 0 0 0 3940 30571 661
0 30166 1 0 0 30587 30338 29839
0 8187 0 0 0 10171 21732 0
0 30417 0 0 0 6938 28373 3985
0 10040 0 0 0 2286 8680 0
0 30166 1 0 0 30180 28699 30191
0 30164 1 0 0 5285 28373 30323
0 13416 0 0 0 438 0 30166
0 18342 0 0 0 1908 0 30166
0 28373 0 0 0 30323 75 20883
0 12674 1 0 0 0 30166 30597
0 21091 0 0 0 2222 9945 30164
0 30254 0 0 0 21732 0 30166
0 30414 0 0 0 30597 30422 30216
0 10614 0 0 0 12095 30323 10044
0 30417 0 0 0 75 28373 9180
0 8348 0 0 0 9407 0 30166
0 30520 0 0 0 26399 1952 25577
0 30164 1 0 0 8340 30651 3027
0 28373 0 0 0 30417 6167 28373
0 5452 0 0 0 28329 0 30166
0 30154 1 0 0 26731 28690 28613
0 30156 1 0 0 25561 30154 29021
0 1269 1 0 0 0 30166 30156
0 13031 0 0 0 29546 11507 6428
0 30166 1 0 0 30465 30180 30323
0 30417 0 0 0 25345 28373 10040
0 30323 0 0 0 11947 3033 8476
0 28373 0 0 0 30417 25518 30209
0 2699 0 0 0 1858 0 30166
0 29757 0 0 0 25452 30414 25934
0 28331 1 0 0 24798 25546 10959
0 9945 0 0 0 30417 7702 30164
0 30467 0 0 0 13910 30417 6938
0 13910 0 0 0 30423 12198 0
0 2222 0 0 0 8680 0 30166
0 28360 1 0 0 25683 28359 30417
0 30417 0 0 0 12518 28373 26656
0 30164 1 0 0 2556 10171 3102
0 6428 0 0 0 30514 2222 30414
0 75 0 0 0 20883 30209 11931
0 30164 1 0 0 30597 30301 30323
0 9407 1 0 0 0 30166 26968
0 10040 0 0 0 5002 1908 0
0 30156 1 0 0 26052 30154 9506
0 30417 0 0 0 2001 25017 28373
0 1908 1 0 0 0 30166 5592
0 4113 0 0 0 2446 8877 0
0 30323 0 0 0 6996 2477 14728
0 9407 1 0 0 0 30166 26600
0 9407 1 0 0 0 30166 26627
0 9407 1 0 0 0 30166 26563
0 30166 1 0 0 5285 28373 12847
0 28816 0 0 0 26041 30338 30199
0 28373 0 0 0 30323 75 3577
0 30166 1 0 0 30180 24881 30414
0 30166 1 0 0 30180 24881 30417
0 6194 0 0 0 30164 8860 0
0 30414 0 0 0 30164 26635 30164
0 30154 1 0 0 30597 30494 30149
0 9407 1 0 0 0 30166 26688
0 30414 0 0 0 30180 24881 27138
0 23599 0 0 0 9407 0 30166
0 30166 1 0 0 26041 30565 14669
0 30166 1 0 0 30488 30180 24881
0 30417 0 0 0 26041 28373 30423
0 26248 0 0 0 26293 5476 0
0 30414 0 0 0 30164 25310 30164
0 30414 0 0 0 28331 25497 28560
0 30164 1 0 0 26041 30338 30199
0 30417 0 0 0 13888 28373 30323
0 6428 0 0 0 30514 2222 30156
0 30417 0 0 0 26041 28373 30323
0 9407 1 0 0 0 30166 26439
0 30273 0 0 0 30180 28699 30191
0 10040 0 0 0 11590 2446 30164
0 30423 0 0 0 28073 30417 13416
0 30164 1 0 0 30465 30199 30323
0 5799 0 0 0 1908 0 30166
0 30520 0 0 0 4889 10040 27138
0 30417 0 0 0 26041 28373 30520
0 28373 0 0 0 2222 8680 0
0 9407 1 0 0 0 30166 26237
0 28373 0 0 0 30417 10040 30520
0 26041 0 0 0 30180 24881 30417
0 26041 0 0 0 30180 24881 30423
0 28373 0 0 0 5799 2446 30164
0 30164 1 0 0 3955 0 30166
0 30323 0 0 0 12450 15037 10040
0 29781 1 0 0 0 30166 30597
0 30417 0 0 0 10576 0 30166
0 30166 1 0 0 30465 30180 30280
0 9407 1 0 0 0 30166 26041
0 10040 0 0 0 15670 15084 6194
0 9407 1 0 0 0 30166 26087
0 28373 0 0 0 10040 2824 1908
0 30166 1 0 0 30156 28928 30154
0 11590 0 0 0 2446 30164 4113
0 1590 0 0 0 1858 0 30166
0 10040 0 0 0 11074 15084 9407
0 2456 0 0 0 21732 0 30166
0 9407 1 0 0 0 30166 9506
0 26041 0 0 0 30180 24881 30520
0 30520 0 0 0 2258 14330 30323
0 2446 0 0 0 1952 10171 21732
0 11050 0 0 0 21732 0 30166
0 26293 0 0 0 3402 0 30166
0 30156 1 0 0 29468 30154 14729
0 8476 0 0 0 2446 1952 10171
0 30323 0 0 0 26506 2085 30520
0 30330 0 0 0 30424 28373 30323
0 30417 0 0 0 6167 9407 0
0 8877 1 0 0 0 30166 30156
0 30209 0 0 0 30164 2057 21732
0 8680 1 0 0 0 30166 26563
0 26729 0 0 0 30338 28373 12847
0 7585 0 0 0 30425 6167 28373
0 30414 0 0 0 277 30209 30323
0 27435 0 0 0 28329 0 30166
0 13853 0 0 0 9407 0 30166
0 30166 1 0 0 30488 25774 30180
0 30166 1 0 0 10867 2085 30520
0 10040 0 0 0 14696 1908 0
0 30323 0 0 0 94 30571 4683
0 6167 0 0 0 9407 0 30166
0 26656 0 0 0 27076 25774 28373
0 30330 0 0 0 30424 28373 30417
0 2690 1 0 0 0 30166 30156
0 30417 0 0 0 26688 28373 30323
0 8680 1 0 0 0 30166 26041
0 13910 0 0 0 4102 0 30166
0 1952 0 0 0 8680 0 30166
0 30164 1 0 0 25362 30156 28537
0 30166 1 0 0 30156 24858 30154
0 11590 0 0 0 2446 8877 0
0 9945 0 0 0 30417 19595 30164
0 10941 0 0 0 8680 0 30166
0 30209 0 0 0 30417 10576 0
0 13853 0 0 0 7169 0 30166
0 26399 0 0 0 30488 25774 26087
0 28373 0 0 0 4396 8476 1908
0 30417 0 0 0 2258 28373 6428
0 26399 0 0 0 1952 8680 0
0 30417 0 0 0 10507 30209 19377
0 8680 1 0 0 0 30166 26439
0 12021 0 0 0 2446 30164 8877
0 3967 0 0 0 21732 0 30166
0 28373 0 0 0 30520 27148 30323
0 3033 0 0 0 10670 30571 2857
0 30417 0 0 0 11696 0 30166
0 30414 0 0 0 30164 30180 24881
0 15293 0 0 0 30571 661 30522
0 30417 0 0 0 2258 28373 28816
0 8877 1 0 0 0 30166 30597
0 29229 1 1 1 30154 30172 30617
0 26399 0 0 0 2001 8680 0
0 30417 0 0 0 26041 30414 25934
0 30417 0 0 0 26968 19038 30153
0 8877 1 0 0 0 30166 30467
0 3988 0 0 0 15084 13910 30164
0 29271 1 0 1 30154 30191 30617
0 9407 1 0 0 0 30166 13922
0 9945 0 0 0 30164 30180 24881
0 30323 0 0 0 75 30209 11931
0 30414 0 0 0 30626 30280 30323
0 30467 0 0 0 29954 30417 30499
0 28373 0 0 0 30323 10786 0
0 30166 1 0 0 30465 30199 30417
0 28373 0 0 0 30417 30499 30164
0 30414 0 0 0 27096 30338 30199
0 30323 0 0 0 30414 24288 30323
0 30467 0 0 0 13910 30417 30499
0 2085 0 0 0 30520 541 4611
0 30166 1 0 0 30465 30199 30323
0 28373 0 0 0 30323 75 21995
0 30166 1 0 0 30587 30338 19070
0 30209 0 0 0 28816 12147 2222
0 28373 0 0 0 30323 12450 27138
0 28373 0 0 0 30417 30499 30417
0 28373 0 0 0 30417 30499 30414
0 28560 0 0 0 8680 0 30166
0 15524 0 0 0 13910 11061 0
0 30166 1 0 0 30465 30199 30280
0 28373 0 0 0 30417 26041 28769
0 28373 0 0 0 30417 2001 28373
0 19070 0 0 0 9407 0 30166
0 28373 0 0 0 30417 30499 30322
0 30154 1 0 0 28650 28358 29383
0 8942 0 0 0 1858 0 30166
0 30323 0 0 0 30414 30597 30199
0 30417 0 0 0 3630 30209 30417
0 30323 0 0 0 27099 28540 30417
0 10040 0 0 0 3728 28373 13770
0 30164 1 0 0 30467 30317 30281
0 10040 0 0 0 2824 26399 1574
0 30154 1 0 0 30243 27701 5118
0 30166 1 0 0 30465 30216 30388
0 2222 0 0 0 30156 30657 30154
0 28373 0 0 0 10040 2824 2446
0 11590 0 0 0 15084 7169 0
0 30417 0 0 0 2057 28373 30164
0 4611 0 0 0 30597 4350 0
0 30417 0 0 0 25774 28373 30164
0 28373 0 0 0 30417 26041 28373
0 30417 0 0 0 3630 30209 30323
0 30417 0 0 0 5285 28373 30323
0 30166 1 0 0 30597 13910 30323
0 25478 0 0 0 28601 30209 30417
0 28373 0 0 0 30164 8355 19070
0 10040 0 0 0 3988 15084 438
0 2001 0 0 0 8680 0 30166
0 10040 0 0 0 15670 15084 7169
0 10040 0 0 0 11074 13922 6229
0 10040 0 0 0 11590 5646 1908
0 10334 1 0 0 0 30166 30597
0 30414 0 0 0 30164 26867 30164
0 10040 0 0 0 2824 8476 1908
0 30166 1 0 0 30597 13910 30417
0 28373 0 0 0 4113 1908 0
0 8396 0 0 0 9407 0 30166
0 8860 1 0 0 0 30166 26563
0 20883 0 0 0 30209 2085 30520
0 28373 0 0 0 26656 26627 25774
0 30166 1 0 0 30597 30386 30711
0 15026 0 0 0 9407 0 30166
0 30164 1 0 0 22926 30164 25110
0 27024 1 1 1 30154 29021 28379
0 29468 1 0 0 30154 30243 27701
0 30520 0 0 0 541 3033 2857
0 30417 0 0 0 30499 30417 4136
0 30166 1 0 0 30194 30203 30280
0 30417 0 0 0 6938 28373 6428
0 30164 1 0 0 30172 0 30166
0 75 0 0 0 22235 19374 11931
0 30166 1 0 0 21091 30571 2222
0 26782 0 0 0 2222 9945 30164
0 9407 1 0 0 0 30166 27078
0 9407 1 0 0 0 30166 27076
0 9407 1 0 0 0 30166 27096
0 9407 1 0 0 0 30166 27099
0 8860 1 0 0 0 30166 26041
0 28373 0 0 0 4396 2446 30164
0 30164 1 0 0 26635 30164 26636
0 10171 0 0 0 6428 3315 0
0 9407 1 0 0 0 30166 27138
0 9407 1 0 0 0 30166 27148
0 9407 1 0 0 0 30166 27146
0 10040 0 0 0 2824 1908 0
0 30417 0 0 0 30488 28373 30164
0 28373 0 0 0 5799 8476 1908
0 26041 0 0 0 30338 30199 26656
0 28373 0 0 0 30417 27035 26047
0 4136 0 0 0 30411 28373 2073
0 30417 0 0 0 5581 28414 28373
0 30156 1 0 0 30595 30154 30597
0 30417 0 0 0 30322 28373 30423
0 30414 0 0 0 30273 30180 28699
0 28769 0 0 0 9407 0 30166
0 30323 0 0 0 9153 30571 26399
0 10040 0 0 0 15670 13853 6194
0 3239 1 0 0 30154 9506 26248
0 30417 0 0 0 30488 28373 30423
0 30166 1 0 0 23379 18843 30597
0 30565 1 0 1 29781 0 30166
0 12021 0 0 0 15084 7169 0
0 15084 0 0 0 6194 30164 14500
0 28373 0 0 0 30417 30597 30323
0 30166 1 0 0 30597 29847 30323
0 28816 0 0 0 5691 19377 30164
0 29175 1 0 0 30154 30194 30203
0 30657 1 0 0 30154 30194 29380
0 30722 0 0 0 1574 0 30166
0 30156 1 0 0 25769 30154 30172
0 30417 0 0 0 5922 0 30166
0 10040 0 0 0 15670 268 13910
0 2556 0 0 0 10171 3102 0
0 13910 0 0 0 2031 0 30166
0 30156 1 0 0 29229 30154 30172
0 28373 0 0 0 30323 8644 5060
0 13922 0 0 0 6229 3241 28816
0 28373 0 0 0 30520 26661 2085
0 28373 0 0 0 5799 1908 0
0 30417 0 0 0 75 28057 28373
0 28373 0 0 0 30417 26968 19038
0 28373 0 0 0 30520 9837 5060
0 28414 0 0 0 9407 0 30166
0 30164 1 0 0 10003 21732 0
0 30164 1 0 0 4113 10171 21732
0 30156 1 0 0 21048 30154 27099
0 30417 0 0 0 6058 30209 6428
0 30414 0 0 0 30164 30488 26563
0 28373 0 0 0 6428 30532 30597
0 30414 0 0 0 27099 28540 30417
0 26041 0 0 0 8680 0 30166
0 30417 0 0 0 26912 28373 30323
0 1404 0 0 0 4762 2446 30164
0 30417 0 0 0 30488 9407 0
0 30520 0 0 0 2320 0 30166
0 30417 0 0 0 10359 0 30166
0 30417 0 0 0 7585 30425 6167
0 9407 1 0 0 0 30166 625
0 5167 1 0 0 16094 18923 13265
0 30209 0 0 0 30164 2754 0
0 28373 0 0 0 30417 29757 25452
0 30189 0 0 0 30414 30424 30323
0 26439 0 0 0 9407 0 30166
0 28745 1 1 1 28946 28613 28816
0 10040 0 0 0 541 23771 8476
0 16011 1 0 0 30154 30243 27701
0 28373 0 0 0 30164 8860 0
0 12021 0 0 0 5646 1908 0
0 30323 0 0 0 5436 30571 26399
0 30164 1 0 0 29579 30417 26041
0 2085 0 0 0 30520 541 3033
0 30417 0 0 0 26041 30323 15084
0 30423 0 0 0 2001 2315 2857
0 30423 0 0 0 2001 2315 2850
0 30174 1 0 0 2155 0 30166
0 4113 0 0 0 2446 30164 8877
0 30156 1 0 0 30173 30154 30414
0 6167 0 0 0 28373 30423 25782
0 15670 0 0 0 13853 6194 30164
0 30166 1 0 0 30499 30317 30281
0 27148 0 0 0 30323 30597 30199
0 4113 0 0 0 1908 0 30166
0 28816 0 0 0 15351 2085 30571
0 30166 1 0 0 30597 30230 30323
0 30209 0 0 0 30164 10003 21732
0 30520 0 0 0 12863 30571 4683
0 2824 0 0 0 1908 0 30166
0 30166 1 0 0 30156 28993 30154
0 30209 0 0 0 19377 18135 19377
0 23771 0 0 0 8476 1908 0
0 28373 0 0 0 5116 21091 2222
0 30156 1 0 0 25913 30154 30597
0 30164 1 0 0 1952 25577 28373
0 30323 0 0 0 30440 28540 28373
0 30164 1 0 0 4870 0 30166
0 30216 0 0 0 30388 18843 30648
0 30323 0 0 0 12450 2085 30520
0 30156 1 0 0 25362 30156 28537
0 28373 0 0 0 5799 8476 2446
0 25242 0 0 0 30156 28245 30154
0 30363 0 0 0 30565 29781 0
0 26688 0 0 0 29136 28331 28789
0 28373 0 0 0 30417 25934 28373
0 30417 0 0 0 3596 28373 30323
0 28360 1 0 0 324 7792 28359
0 30156 1 0 0 648 30379 4604
0 30156 1 0 0 2215 30154 30414
0 9407 1 0 0 0 30166 28780
0 26399 0 0 0 425 0 30166
0 30166 1 0 0 30499 26439 30417
0 30166 1 0 0 30499 26439 30472
0 30417 0 0 0 30488 25774 26087
0 7535 0 0 0 12147 2085 30520
0 30417 0 0 0 18654 28769 28373
0 28373 0 0 0 30520 30153 24787
0 9407 1 0 0 0 30166 28560
0 20796 0 0 0 267 0 30166
0 18453 0 0 0 1908 0 30166
0 26439 0 0 0 30417 18654 28373
0 9407 1 0 0 0 30166 28650
0 18654 0 0 0 28373 30323 75
0 30323 0 0 0 27099 21741 0
0 9407 1 0 0 0 30166 14096
0 1424 0 0 0 8476 1908 0
0 28373 0 0 0 1738 0 30166
0 14899 0 0 0 9407 0 30166
0 4840 0 0 0 30323 30164 30414
0 2446 0 0 0 30164 4113 10171
0 3988 0 0 0 13853 9407 0
0 30417 0 0 0 9249 0 30166
0 2001 0 0 0 28373 995 8476
0 30414 0 0 0 26041 30180 24881
0 438 1 0 0 0 30166 9153
0 24288 0 0 0 21732 0 30166
0 10040 0 0 0 4113 2446 30164
0 13910 0 0 0 30417 75 28373
0 28373 0 0 0 30164 2057 21732
0 30323 0 0 0 26497 3033 8476
0 30414 0 0 0 29215 30338 30417
0 12910 0 0 0 1908 0 30166
0 30617 0 0 0 30194 30363 30565
0 9407 1 0 0 0 30166 29579
0 30417 0 0 0 18654 28373 26656
0 10040 0 0 0 3988 13853 13910
0 12021 0 0 0 1908 0 30166
0 9407 1 0 0 0 30166 29201
0 30156 1 0 0 24987 30154 28560
0 30499 0 0 0 4470 0 30166
0 30280 0 0 0 9407 0 30166
0 10171 0 0 0 1916 0 30166
0 6428 0 0 0 29973 4611 30597
0 10040 0 0 0 30156 24858 30154
0 30209 0 0 0 10040 11590 2446
0 15457 1 0 0 4276 0 30166
0 30417 0 0 0 10914 30417 5581
0 28993 1 0 0 30154 28745 28946
0 30417 0 0 0 30488 25774 28373
0 28373 0 0 0 9877 2446 30164
0 30166 1 0 0 27146 26248 26293
0 28373 0 0 0 30423 2001 2315
0 27091 0 0 0 19374 30164 30243
0 2315 0 0 0 26399 425 0
0 30417 0 0 0 25584 30414 29215
0 10040 0 0 0 12021 1908 0
0 26688 0 0 0 30254 21732 0
0 27091 0 0 0 19374 30164 30156
0 13429 0 0 0 21732 0 30166
0 30417 0 0 0 25774 9407 0
0 30417 0 0 0 10612 0 30166
0 30417 0 0 0 15344 0 30166
0 30156 1 0 0 27088 30154 25497
0 28373 0 0 0 30323 75 24521
0 1908 1 0 0 0 30166 354
0 30417 0 0 0 18654 21522 0
0 2222 0 0 0 10040 28650 26688
0 10040 0 0 0 15670 13853 7169
0 28373 0 0 0 10040 15670 268
0 30154 1 0 0 28372 25503 30164
0 8476 0 0 0 2446 30164 1952
0 13922 0 0 0 6229 8323 0
0 29277 0 0 0 28329 0 30166
0 24886 0 0 0 26154 0 30166
0 30156 1 0 0 5883 30154 13697
0 2085 0 0 0 30520 15002 2222
0 28373 0 0 0 30417 26041 6428
0 10040 0 0 0 15670 30414 30164
0 28373 0 0 0 14170 0 30166
0 438 1 0 0 0 30166 27076
0 28373 0 0 0 10040 14696 8476
0 2222 0 0 0 9945 30164 30156
0 30417 0 0 0 1237 0 30166
0 19377 0 0 0 18135 19377 30164
0 19377 0 0 0 18135 19377 30156
0 27146 0 0 0 26248 26293 22184
0 2258 0 0 0 9407 0 30166
0 12450 0 0 0 12117 28414 28373
0 268 0 0 0 438 0 30166
0 30417 0 0 0 25934 25727 6760
0 28373 0 0 0 19377 18135 19377
0 2824 0 0 0 8476 1908 0
0 30166 1 0 0 30597 30180 30323
0 30164 1 0 0 8184 0 30166
0 30156 1 0 0 30273 26548 30154
0 30323 0 0 0 75 21995 30209
0 3630 0 0 0 9407 0 30166
0 30156 1 0 0 648 66 24827
0 30166 1 0 0 30597 30180 30280
0 6428 0 0 0 30713 30209 18843
0 26041 0 0 0 28373 30323 12450
0 30417 0 0 0 15155 28373 30323
0 14510 0 0 0 30425 14124 6428
0 9945 0 0 0 28816 5581 9407
0 30209 0 0 0 18342 2446 30164
0 30417 0 0 0 13416 28373 995
0 25774 0 0 0 27995 28360 25683
0 10535 0 0 0 5799 2446 30164
0 30156 1 0 0 25003 30154 27036
0 7232 1 0 0 0 30166 30156
0 30164 1 0 0 25310 30164 26867
0 28816 0 0 0 541 19377 30164
0 6830 0 0 0 9407 0 30166
0 30209 0 0 0 15670 15084 438
0 28373 0 0 0 10040 10234 1908
0 30417 0 0 0 27091 19374 30164
0 30156 1 0 0 25991 30154 30295
0 30156 1 0 0 25556 30154 29021
0 30414 0 0 0 30164 30278 30338
0 30166 1 0 0 26041 30218 30199
0 28373 0 0 0 12155 0 30166
0 12986 0 0 0 15084 438 0
0 7232 1 0 0 0 30166 30499
0 7232 1 0 0 0 30166 30488
0 30166 1 0 0 6406 4551 4782
0 2446 0 0 0 30164 12031 0
0 2223 0 0 0 30164 11813 28327
0 7232 1 0 0 0 30166 30597
0 30166 1 0 0 6406 4551 4803
0 13910 0 0 0 6475 0 30166
0 30414 0 0 0 30164 24931 30164
0 30154 1 0 0 30172 30617 30194
0 30166 1 0 0 25362 30156 28537
0 194 0 0 0 1858 0 30166
0 26656 0 0 0 8734 30571 26399
0 30488 0 0 0 25774 26087 28373
0 1952 0 0 0 25577 28373 30417
0 10171 0 0 0 30417 14899 9407
0 30417 0 0 0 27091 30432 30209
0 30414 0 0 0 30156 26201 30154
0 30417 0 0 0 13390 26776 8091
0 30164 1 0 0 1888 21732 0
0 28373 0 0 0 10040 3988 13853
0 30414 0 0 0 30164 26423 30164
0 19377 0 0 0 18135 19377 30499
0 21732 1 0 0 30174 5775 0
0 15351 0 0 0 2085 30571 15712
0 6229 0 0 0 8323 0 30166
0 24955 0 0 0 21732 0 30166
0 28816 0 0 0 12147 2085 30520
0 19377 0 0 0 18135 19377 30597
0 2085 0 0 0 30520 21091 15037
0 10040 0 0 0 15670 15084 9407
0 75 0 0 0 29626 30209 1923
0 30209 0 0 0 30164 7232 0
0 11590 0 0 0 2446 30164 7232
0 9407 1 0 0 0 30166 15676
0 30166 1 0 0 4726 30114 30323
0 28373 0 0 0 508 0 30166
0 28373 0 0 0 30417 1308 194
0 30417 0 0 0 4136 28373 30164
0 6428 0 0 0 30597 30494 30417
0 5043 0 0 0 1858 0 30166
0 10040 0 0 0 15670 13853 13910
0 30156 1 0 0 679 66 24827
0 30243 0 0 0 9668 0 30166
0 30338 0 0 0 9407 0 30166
0 30417 0 0 0 2001 28373 5799
0 30417 0 0 0 14424 0 30166
0 30323 0 0 0 75 3807 30209
0 30417 0 0 0 2001 28373 30164
0 23771 0 0 0 1908 0 30166
0 28329 1 0 0 0 30166 27138
0 2456 0 0 0 7169 0 30166
0 7342 0 0 0 1908 0 30166
0 30164 1 0 0 8355 19070 28373
0 10040 0 0 0 14696 23771 8476
0 28329 1 0 0 0 30166 27076
0 30417 0 0 0 13442 0 30166
0 19374 0 0 0 21732 0 30166
0 30417 0 0 0 6511 0 30166
0 10040 0 0 0 11074 9506 26248
0 30166 1 0 0 9506 26248 26293
0 30338 0 0 0 30417 6058 30209
0 26656 0 0 0 75 20883 30209
0 30156 1 0 0 3239 30154 9506
0 28373 0 0 0 30323 12450 15037
0 30323 0 0 0 15244 5751 30209
0 30154 1 0 0 30203 28381 28377
0 15670 0 0 0 268 13910 30164
0 28373 0 0 0 30417 30488 9407
0 30166 1 0 0 28560 28373 30417
0 5060 0 0 0 8680 0 30166
0 75 0 0 0 24521 30209 1923
0 30417 0 0 0 30499 28373 30164
0 30299 0 0 0 30446 6428 30689
0 30164 1 0 0 27146 26248 26293
0 3630 0 0 0 28329 0 30166
0 30417 0 0 0 25172 28414 30209
0 13922 0 0 0 3241 0 30166
0 26041 0 0 0 30338 30199 14669
0 28373 0 0 0 30323 10270 30164
0 28373 0 0 0 30164 10003 21732
0 2446 0 0 0 30164 8860 0
0 30164 1 0 0 1099 0 30166
0 438 1 0 0 0 30166 26600
0 30520 0 0 0 13397 2085 15712
0 28373 0 0 0 30323 27078 30265
0 30216 0 0 0 30388 28373 18843
0 26052 1 0 0 30154 27146 26248
0 24624 0 0 0 30209 2222 30156
0 438 1 0 0 0 30166 26688
0 438 1 0 0 0 30166 26563
0 30417 0 0 0 30216 30388 28373
0 30417 0 0 0 30499 28373 30323
0 30565 1 0 1 30280 30417 28560
0 30417 0 0 0 11646 0 30166
0 438 1 0 0 0 30166 26439
0 30417 0 0 0 30499 28373 30417
0 30417 0 0 0 30499 28373 30414
0 30417 0 0 0 30499 28373 30423
0 30499 0 0 0 26439 26193 30417
0 30166 1 0 0 11400 28560 6325
0 30164 1 0 0 26729 30338 28373
0 10040 0 0 0 15670 13853 438
0 30156 1 0 0 28993 30154 26731
0 30164 1 0 0 1631 0 30166
0 30323 0 0 0 9153 30722 26399
0 30156 1 0 0 28928 30154 16483
0 30417 0 0 0 26041 26656 8734
0 438 1 0 0 0 30166 26141
0 30417 0 0 0 4265 0 30166
0 30499 0 0 0 26439 30417 18654
0 438 1 0 0 0 30166 26041
0 30417 0 0 0 4136 28373 30323
0 30156 1 0 0 26927 30154 26688
0 30174 1 0 0 9819 0 30166
0 15670 0 0 0 13853 13910 30164
0 21732 1 0 0 0 30166 4549
0 30166 1 0 0 30587 30338 30417
0 26041 0 0 0 21522 0 30166
0 30156 1 0 0 30387 30154 30363
0 4113 0 0 0 5646 1908 0
0 28373 0 0 0 30520 10003 30323
0 30323 0 0 0 9401 2073 30164
0 28373 0 0 0 10040 10303 11590
0 6428 0 0 0 3458 0 30166
0 30417 0 0 0 15620 28373 30520
0 9153 0 0 0 10040 30520 5452
0 4396 0 0 0 8476 1908 0
0 28816 0 0 0 27736 2085 15712
0 30164 1 0 0 30597 30059 30323
0 23379 0 0 0 30417 6938 28373
0 30154 1 0 0 30597 30199 30449
0 30417 0 0 0 30499 28373 30520
0 21732 1 0 0 0 30166 4136
0 10171 0 0 0 8942 1858 0
0 30417 0 0 0 15620 28373 30323
0 28373 0 0 0 30417 23239 20189
0 30154 1 0 0 28745 28946 28613
0 13047 1 0 0 0 30166 30597
0 28373 0 0 0 30164 30597 30199
0 30499 0 0 0 26439 30323 10192
0 30417 0 0 0 25584 30414 28941
0 30417 0 0 0 7585 28373 21732
0 30166 1 0 0 29579 28650 26688
0 10614 0 0 0 12095 30323 28816
0 30499 0 0 0 3577 30414 30164
0 26656 0 0 0 8734 15037 26627
0 13922 0 0 0 6924 0 30166
0 2001 0 0 0 25017 9407 0
0 29635 0 0 0 28373 30417 19595
0 28245 1 1 1 30154 30172 30617
0 5116 0 0 0 21091 2222 7847
0 29880 0 0 0 28373 8923 26439
0 26656 0 0 0 2290 30414 10139
0 30417 0 0 0 30499 28373 484
0 30417 0 0 0 3630 28329 0
0 30156 1 0 0 30273 27881 30154
0 30323 0 0 0 26782 2222 26439
0 10040 0 0 0 10303 12021 1908
0 25026 0 0 0 9407 0 30166
0 30417 0 0 0 6167 28373 30423
0 6428 0 0 0 30370 30597 30199
0 30164 1 0 0 7022 0 30166
0 25660 1 1 0 30164 30273 30172
0 10040 0 0 0 4113 1908 0
0 9506 0 0 0 26248 26293 5476
0 30323 0 0 0 26041 30180 24881
0 30417 0 0 0 6167 28373 30323
0 30417 0 0 0 75 28373 30164
0 28373 0 0 0 30417 27148 28373
0 28816 0 0 0 12147 2222 30597
0 4396 0 0 0 1908 0 30166
0 30203 0 0 0 29781 0 30166
0 4113 0 0 0 25577 28373 21732
0 30417 0 0 0 6167 28373 30520
0 30164 1 0 0 30597 30180 30414
0 11590 0 0 0 15084 9407 0
0 27148 0 0 0 30424 28373 30417
0 11590 0 0 0 1908 0 30166
0 30417 0 0 0 75 28373 30414
0 28816 0 0 0 5581 9407 0
0 30164 1 0 0 30597 30180 30323
0 5646 0 0 0 8476 1908 0
0 16094 1 1 0 18923 13265 14555
0 28373 0 0 0 30323 12450 2222
0 28373 0 0 0 30423 25782 26399
0 6194 0 0 0 30164 14500 13047
0 30166 1 0 0 26439 30472 28373
0 11590 0 0 0 2446 30164 8877
0 28329 1 0 0 0 30166 26041
0 30154 1 0 0 30295 30507 29304
0 30166 1 0 0 30467 30317 30281
0 10040 0 0 0 14696 2446 30164
0 6996 0 0 0 2477 14728 28359
0 30323 0 0 0 30488 30180 24881
0 28373 0 0 0 30417 11849 28373
0 30166 1 0 0 30597 30494 30280
0 28373 0 0 0 30323 12450 2085
0 30414 0 0 0 30164 30180 28699
0 30156 1 0 0 7967 30154 26176
0 30417 0 0 0 75 28730 28373
0 28373 0 0 0 30417 10576 0
0 30156 1 0 0 27881 30154 28650
0 30414 0 0 0 30164 25584 30164
0 8517 0 0 0 30164 27138 26688
0 648 1 1 0 66 24827 30154
0 22382 0 0 0 28329 0 30166
0 2446 0 0 0 30164 10334 0
0 2824 0 0 0 30722 1908 0
0 28373 0 0 0 30417 18654 21522
0 30417 0 0 0 26968 26563 28373
0 13853 0 0 0 13910 30164 14500
0 30156 1 0 0 30172 30154 10040
0 5002 0 0 0 1908 0 30166
0 30520 0 0 0 10003 21732 0
0 19374 0 0 0 30417 6167 28373
0 29880 0 0 0 28373 30323 12450
0 30154 1 0 0 30191 30617 30194
0 12021 0 0 0 13853 438 0
0 16514 1 0 0 0 30166 30597
0 28373 0 0 0 30323 30164 10040
0 75 0 0 0 21995 30209 1923
0 30164 1 0 0 26867 30164 30180
0 541 0 0 0 3033 23771 2857
0 4017 0 0 0 8476 1908 0
0 28816 0 0 0 12117 9407 0
0 30417 0 0 0 10792 0 30166
0 28373 0 0 0 4396 1908 0
0 30417 0 0 0 27096 28373 26656
0 30154 1 0 0 25594 29656 25667
0 26359 1 0 0 0 30166 30156
0 9945 0 0 0 28816 12117 9407
0 30417 0 0 0 13416 9407 0
0 4694 0 0 0 11019 30209 30323
0 30417 0 0 0 13922 6229 3241
0 30172 1 1 0 30617 30194 30363
0 13416 0 0 0 28373 5799 2446
0 10040 0 0 0 10303 11590 1908
0 10914 0 0 0 30417 5581 28373
0 30166 1 0 0 30597 30711 30323
0 30323 0 0 0 30180 24881 30417
0 28331 1 0 0 7154 20199 2073
0 2446 0 0 0 30164 3478 10171
0 28373 0 0 0 995 8476 1908
0 30209 0 0 0 2222 30180 24881
0 13667 0 0 0 30520 26399 1952
0 8187 0 0 0 8680 0 30166
0 30417 0 0 0 10369 0 30166
0 30722 0 0 0 2222 1574 0
0 30520 0 0 0 20488 30417 12495
0 30166 1 0 0 26563 29609 30209
0 6428 0 0 0 3315 0 30166
0 30417 0 0 0 6167 28373 8990
0 2446 0 0 0 30164 8877 0
0 11400 0 0 0 25362 30156 28537
0 30323 0 0 0 9153 10040 30520
0 30417 0 0 0 6058 30209 28816
0 1287 0 0 0 28373 6428 30164
0 10040 0 0 0 11590 13853 438
0 15037 0 0 0 13853 438 0
0 30209 0 0 0 30323 13585 30164
0 30417 0 0 0 5990 0 30166
0 16420 1 0 0 30154 3305 25261
0 30216 0 0 0 30388 28373 30323
0 3807 0 0 0 28329 0 30166
0 13390 0 0 0 9407 0 30166
0 26968 0 0 0 8680 0 30166
0 30323 0 0 0 5621 3807 30209
0 30156 1 0 0 26960 30154 25497
0 15037 0 0 0 27138 26688 30417
0 30417 0 0 0 2207 28373 30323
0 27096 0 0 0 28373 30323 75
0 28373 0 0 0 6428 30514 2222
0 30323 0 0 0 75 26506 19374
0 30164 1 0 0 27091 25497 25727
0 30417 0 0 0 30499 26656 8734
0 30417 0 0 0 6167 28373 8753
0 8476 0 0 0 4390 5437 0
0 4803 1 1 0 8510 0 30166
0 28373 0 0 0 26656 20883 2222
0 30164 1 0 0 5689 0 30166
0 30164 1 0 0 25106 30164 30472
0 30323 0 0 0 30164 10003 21732
0 28373 0 0 0 30323 75 26506
0 28816 0 0 0 30164 25305 30323
0 10040 0 0 0 14528 1908 0
0 28329 1 0 0 0 30166 625
0 4782 1 1 0 8510 0 30166
0 28345 1 0 0 30156 25559 30154
0 24624 0 0 0 30209 30164 30156
0 15084 0 0 0 7169 0 30166
0 26272 0 0 0 18753 30209 6428
0 30156 1 0 0 18863 30154 25594
0 11074 0 0 0 15084 9407 0
0 30323 0 0 0 75 30209 1923
0 30164 1 0 0 12342 0 30166
0 30414 0 0 0 26041 30338 30199
0 2446 0 0 0 30164 12055 0
0 30414 0 0 0 30156 28993 30154
0 28373 0 0 0 28816 12147 2222
0 15670 0 0 0 15084 7169 0
0 28373 0 0 0 1952 1858 0
0 30194 0 0 0 30203 30280 6428
0 28373 0 0 0 4350 0 30166
0 10040 0 0 0 2441 30164 30597
0 28816 0 0 0 3985 30571 26399
0 30209 0 0 0 30417 26688 28373
0 30164 1 0 0 6854 0 30166
0 30323 0 0 0 10786 0 30166
0 30417 0 0 0 30499 26916 28373
0 15670 0 0 0 4390 438 0
0 30156 1 0 0 29297 30154 30440
0 2085 0 0 0 30520 2824 4611
0 28373 0 0 0 30323 10270 2222
0 30166 1 0 0 30156 28188 30154
0 30323 0 0 0 12450 27138 26688
0 30209 0 0 0 30417 1229 28373
0 9660 0 0 0 28373 30323 75
0 10040 0 0 0 2441 30164 30156
0 19070 0 0 0 28373 1738 0
0 4611 0 0 0 15084 2320 0
0 5799 0 0 0 8476 2446 30164
0 9945 0 0 0 30164 28650 26688
0 2446 0 0 0 30164 7022 0
0 21732 1 0 0 0 30166 23379
0 28373 0 0 0 30417 14281 0
0 10040 0 0 0 15670 15084 13910
0 30417 0 0 0 27035 26047 28373
0 28373 0 0 0 6428 2961 15037
0 30154 1 0 0 30363 30132 30697
0 28373 0 0 0 10040 30414 30164
0 28816 0 0 0 30597 30199 30417
0 30417 0 0 0 6058 6139 30209
0 28373 0 0 0 30417 19595 10040
0 13910 0 0 0 30164 2754 0
0 13922 0 0 0 27107 0 30166
0 30520 0 0 0 13397 3033 2857
0 28373 0 0 0 995 8476 2446
0 30172 1 1 0 30617 30194 30203
0 30417 0 0 0 10606 0 30166
0 30156 1 0 0 30657 30154 30194
0 30323 0 0 0 12450 28650 26688
0 29407 0 0 0 30520 27148 30323
0 26030 0 0 0 26439 28373 30417
0 30379 0 0 0 4604 24827 30164
0 30379 0 0 0 4604 24827 30154
0 28373 0 0 0 30164 1952 10171
0 30166 1 0 0 5285 28373 30520
0 26506 0 0 0 19374 2222 30156
0 2057 0 0 0 21732 0 30166
0 10040 0 0 0 11590 1908 0
0 30488 0 0 0 25497 25727 28560
0 2085 0 0 0 30520 541 26399
0 30164 1 0 0 11282 0 30166
0 30323 0 0 0 15244 3807 30209
0 15244 0 0 0 9407 0 30166
0 30172 1 1 0 30194 30203 30280
0 1858 1 0 0 0 30166 30156
0 30164 1 0 0 30156 30472 30154
0 28373 0 0 0 30417 4136 28373
0 30166 1 0 0 5285 28373 30323
0 2446 0 0 0 30164 30465 30199
0 29546 0 0 0 11507 6428 30689
0 30156 1 0 0 28993 30154 28745
0 22184 0 0 0 5396 0 30166
0 10040 0 0 0 3988 15084 13910
0 30164 1 0 0 3478 10171 21732
0 30164 1 0 0 30273 30172 30417
0 28373 0 0 0 30417 9050 28373
0 30164 1 0 0 1952 10171 21732
0 28373 0 0 0 30323 26627 25774
0 5691 0 0 0 1908 0 30166
0 30166 1 0 0 27148 30424 28373
0 9660 0 0 0 28373 30323 11947
0 268 0 0 0 9407 0 30166
0 28373 0 0 0 6428 2961 2222
0 30520 0 0 0 2290 30571 2222
0 11590 0 0 0 5646 1908 0
0 29954 0 0 0 30417 30499 28373
0 30156 1 0 0 25559 30154 29021
0 28373 0 0 0 10040 3988 15084
0 30417 0 0 0 26968 18165 28373
0 648 1 1 0 30379 4604 24827
0 6938 0 0 0 8680 0 30166
0 30164 1 0 0 30597 30199 30280
0 28373 0 0 0 30520 4889 30520
0 6428 0 0 0 13442 0 30166
0 30164 1 0 0 30597 30199 30301
0 30164 1 0 0 30597 30199 30323
0 268 0 0 0 7169 0 30166
0 12117 0 0 0 9407 0 30166
0 30417 0 0 0 2258 28373 30164
0 12021 0 0 0 15084 438 0
0 30323 0 0 0 75 2008 30209
0 18453 0 0 0 1858 0 30166
0 30164 1 0 0 30597 30199 30417
0 30164 1 0 0 30597 30199 30449
0 26731 0 0 0 28690 28613 30414
0 28373 0 0 0 10040 12021 1908
0 10040 0 0 0 12021 2446 30164
0 30156 1 0 0 1692 66 24827
0 11590 0 0 0 13853 438 0
0 26399 0 0 0 26041 30180 24881
0 30417 0 0 0 29757 25452 28373
0 26399 0 0 0 1952 10171 30417
0 30520 0 0 0 2057 30323 30164
0 30154 1 0 0 26688 30417 30639
0 28373 0 0 0 1269 0 30166
0 30166 1 0 0 26867 28650 26688
0 28373 0 0 0 30164 11813 28327
0 28373 0 0 0 30417 4265 0
0 30323 0 0 0 12450 2085 5060
0 30164 1 0 0 30156 28188 30154
0 30156 1 0 0 29036 30154 26001
0 28816 0 0 0 30571 30522 30164
0 393 0 0 0 23771 1908 0
0 4396 0 0 0 8476 2446 30164
0 30174 1 0 0 6807 0 30166
0 12782 0 0 0 9407 0 30166
0 30414 0 0 0 30465 30199 30323
0 30166 1 0 0 30597 30059 30323
0 30154 1 0 0 30194 29380 30417
0 30417 0 0 0 12706 0 30166
0 30414 0 0 0 7308 0 30166
0 30520 0 0 0 21091 2222 30164
0 2446 0 0 0 30164 10492 0
0 30154 1 0 0 30597 30422 30216
0 30414 0 0 0 30180 24881 30417
0 25017 0 0 0 9407 0 30166
0 5880 1 0 0 0 30166 30597
0 29841 0 0 0 6428 30689 30323
0 30166 1 0 0 30597 30059 30414
0 28816 0 0 0 12023 19377 30164
0 3305 0 0 0 25261 4467 27074
0 30520 0 0 0 27148 30323 26041
0 30417 0 0 0 15084 9407 0
0 30338 0 0 0 30417 29880 28373
0 25518 0 0 0 30209 30164 30156
0 30164 1 0 0 14500 13047 0
0 26052 1 0 0 30154 9506 26248
0 3033 0 0 0 2857 2223 30164
0 30323 0 0 0 30488 25774 30180
0 5799 0 0 0 8476 1908 0
0 30414 0 0 0 30164 30597 30199
0 30166 1 0 0 28941 30338 30199
0 30414 0 0 0 30164 30597 30180
0 30166 1 0 0 30597 30304 30323
0 30243 0 0 0 5187 0 30166
0 15084 0 0 0 9407 0 30166
0 28373 0 0 0 13679 1858 0
0 30164 1 0 0 24790 30164 24784
0 30414 0 0 0 30164 25106 30164
0 30499 0 0 0 26439 30472 30417
0 30323 0 0 0 19377 18135 19377
0 30164 1 0 0 25305 30323 9401
0 10040 0 0 0 15670 4390 438
0 4390 0 0 0 4852 0 30166
0 13910 0 0 0 30417 7055 0
0 30166 1 0 0 26729 30338 28373
0 30520 0 0 0 21091 15037 9945
0 28373 0 0 0 30417 26041 30414
0 28373 0 0 0 10040 2824 8476
0 28373 0 0 0 30417 18153 30164
0 30209 0 0 0 28816 9196 2222
0 30154 1 0 0 25660 30164 30172
0 28373 0 0 0 1832 2446 30164
0 28373 0 0 0 30417 26041 30323
0 8355 0 0 0 19070 28373 1738
0 30417 0 0 0 2001 9407 0
0 28373 0 0 0 30417 24996 28373
0 26439 0 0 0 30417 4136 28373
0 10040 0 0 0 12021 13853 438
0 28740 1 0 1 30156 29036 30154
0 30417 0 0 0 267 0 30166
0 15369 0 0 0 21732 0 30166
0 30417 0 0 0 6938 28373 10040
0 5835 0 0 0 1858 0 30166
0 9660 0 0 0 28373 30323 12450
0 1858 1 0 0 0 30166 30499
0 28373 0 0 0 28816 25354 2222
0 28373 0 0 0 30417 26041 30164
0 30417 0 0 0 4798 0 30166
0 30417 0 0 0 26563 28373 30323
0 19374 0 0 0 19377 18135 19377
0 30323 0 0 0 30499 26439 30417
0 1858 1 0 0 0 30166 30597
0 26248 0 0 0 26293 3402 0
0 30417 0 0 0 10539 28373 1738
0 30154 1 0 0 13031 29546 11507
0 995 0 0 0 2446 30164 1952
0 30154 1 0 0 30172 25114 30507
0 28188 1 0 0 30520 27148 30323
0 30722 0 0 0 1908 0 30166
0 26656 0 0 0 3604 0 30166
0 11590 0 0 0 30722 1908 0
0 30156 1 0 0 30518 30154 30363
0 2222 0 0 0 30180 24881 0
0 30323 0 0 0 12450 30722 2222
0 9407 1 0 0 0 30166 30499
0 28373 0 0 0 10040 541 8476
0 9407 1 0 0 0 30166 30488
0 9407 1 0 0 0 30166 30487
0 30323 0 0 0 30414 30254 30323
0 25287 0 0 0 30323 30425 19340
0 30166 1 0 0 30597 28373 30417
0 9407 1 0 0 0 30166 30440
0 9407 1 0 0 0 30166 30467
0 9407 1 0 0 0 30166 30465
0 30156 1 0 0 24784 30154 30414
0 1908 1 0 0 0 30166 25248
0 18654 0 0 0 28373 30323 11947
0 28373 0 0 0 30417 26688 28373
0 28745 1 1 1 28946 28613 30414
0 9407 1 0 0 0 30166 30571
0 9407 1 0 0 0 30166 30597
0 9407 1 0 0 0 30166 30587
0 9407 1 0 0 0 30166 30254
0 9407 1 0 0 0 30166 30251
0 9407 1 0 0 0 30166 30278
0 9407 1 0 0 0 30166 30273
0 30156 1 0 0 25557 30154 28331
0 24288 0 0 0 30323 30414 30254
0 30164 1 0 0 12055 0 30166
0 30363 0 0 0 30372 30697 30417
0 2085 0 0 0 30520 2824 26399
0 9407 1 0 0 0 30166 30363
0 9407 1 0 0 0 30166 30385
0 26656 0 0 0 8734 2222 30156
0 10867 0 0 0 2085 30520 9697
0 26656 0 0 0 8734 2222 30164
0 2446 0 0 0 8877 0 30166
0 3252 0 0 0 21134 30555 30417
0 30499 0 0 0 14389 0 30166
0 6428 0 0 0 30597 30199 30301
0 30164 1 0 0 11810 0 30166
0 9407 1 0 0 0 30166 30156
0 9407 1 0 0 0 30166 30194
0 30417 0 0 0 7629 28373 30323
0 9407 1 0 0 0 30166 30180
0 30164 1 0 0 4041 0 30166
0 30156 1 0 0 25310 30154 30597
0 28373 0 0 0 30323 26506 2085
0 30417 0 0 0 2258 9407 0
0 6428 0 0 0 30597 30199 30529
0 30166 1 0 0 27076 18326 26688
0 6428 0 0 0 2961 15037 15084
0 30194 0 0 0 30203 30280 28373
0 6428 0 0 0 30597 30199 30417
0 30417 0 0 0 5581 9407 0
0 27995 0 0 0 30417 2001 28373
0 25366 0 0 0 14510 30425 14124
0 30191 1 0 0 30617 30194 30363
0 30166 1 0 0 30467 13910 30417
0 30164 1 0 0 820 0 30166
0 30587 0 0 0 30338 7702 30323
0 28373 0 0 0 30323 30499 26439
0 30417 0 0 0 30488 28769 28373
0 13910 0 0 0 30164 7232 0
0 30156 1 0 0 30246 30154 30465
0 1908 1 0 0 0 30166 25996
0 10040 0 0 0 10234 1908 0
0 26041 0 0 0 30180 28699 26210
0 30417 0 0 0 26041 28373 10040
0 30417 0 0 0 13416 28373 30417
0 11095 0 0 0 8680 0 30166
0 8476 0 0 0 30520 2824 4611
0 13679 0 0 0 1858 0 30166
0 94 0 0 0 8680 0 30166
0 30417 0 0 0 3212 0 30166
0 2222 0 0 0 2001 8680 0
0 30156 1 0 0 29579 30154 24859
0 30417 0 0 0 176 0 30166
0 11590 0 0 0 15084 438 0
0 28589 1 1 1 30164 30273 30172
0 13853 0 0 0 438 0 30166
0 10171 0 0 0 30417 75 28373
0 30417 0 0 0 4136 26776 30209
0 30166 1 0 0 30299 30446 30323
0 10040 0 0 0 8454 1908 0
0 30166 1 0 0 30597 30199 30323
0 30166 1 0 0 30597 30199 30301
0 28373 0 0 0 10040 11590 2446
0 1908 1 0 0 0 30166 25584
0 66 1 0 0 24827 30154 5885
0 30166 1 0 0 30597 30199 30388
0 8476 0 0 0 1908 0 30166
0 30166 1 0 0 30597 30199 30449
0 30166 1 0 0 30597 30199 30417
0 30166 1 0 0 30597 30199 30414
0 30417 0 0 0 13416 28373 30164
0 30417 0 0 0 25934 24562 0
0 11479 0 0 0 9407 0 30166
0 1952 0 0 0 10171 21732 0
0 1908 1 0 0 0 30166 25376
0 30156 1 0 0 131 30154 10040
0 30154 1 0 0 28331 25497 28560
0 30417 0 0 0 14899 9407 0
0 30166 1 0 0 30597 30199 30280
0 6428 0 0 0 30597 28373 30417
0 2222 0 0 0 30597 30199 30323
0 30164 1 0 0 30156 29130 30154
0 30166 1 0 0 27076 30180 28699
0 30488 0 0 0 9407 0 30166
0 30417 0 0 0 30488 27026 28373
0 28373 0 0 0 30417 25026 28373
0 30648 0 0 0 8476 1908 0
0 30499 0 0 0 30317 30281 29448
0 28373 0 0 0 10040 12021 2446
0 30166 1 0 0 27138 26688 30417
0 2446 0 0 0 30164 9506 26248
0 15620 0 0 0 8680 0 30166
0 28057 0 0 0 9407 0 30166
0 10309 0 0 0 438 0 30166
0 30166 1 0 0 28745 28946 28613
0 4946 0 0 0 30417 6167 28373
0 30166 1 0 0 30597 30199 30529
0 30417 0 0 0 12782 9407 0
0 30417 0 0 0 25026 9407 0
0 13265 1 0 0 14555 30154 0
0 25774 0 0 0 9407 0 30166
0 28188 1 0 0 30154 27357 28816
0 15670 0 0 0 1908 0 30166
0 2222 0 0 0 2223 30522 30164
0 10040 0 0 0 9153 1908 0
0 30323 0 0 0 75 2730 30209
0 30520 0 0 0 3204 4611 2446
0 14423 1 1 0 30154 9049 30588
0 30166 1 0 0 30278 30338 30180
0 30323 0 0 0 12450 30467 30417
0 30417 0 0 0 75 28373 1590
0 8680 1 0 0 0 30166 30488
0 8680 1 0 0 0 30166 30499
0 28373 0 0 0 10040 11590 1908
0 30166 1 0 0 30172 30617 30194
0 28372 1 1 0 25503 30164 30172
0 30166 1 0 0 30278 30338 30199
0 9945 0 0 0 30164 30597 30199
0 30154 1 0 0 30440 30183 29921
0 30417 0 0 0 26727 0 30166
0 12055 1 0 0 0 30166 30156
0 30417 0 0 0 14337 0 30166
0 22895 1 1 0 30414 28329 27769
0 28372 1 1 0 25503 30164 30273
0 28537 1 0 0 30154 25660 30164
0 30166 1 0 0 30385 30280 30323
0 8680 1 0 0 0 30166 30156
0 30370 0 0 0 30597 30199 30323
0 21732 1 0 0 0 30166 25996
0 30154 1 0 0 30180 28699 28650
0 28373 0 0 0 15293 30571 4683
0 28373 0 0 0 2699 194 1858
0 4600 0 0 0 21732 0 30166
0 6406 1 0 0 4551 4803 8510
0 30164 1 0 0 30597 30546 30323
0 30597 0 0 0 438 0 30166
0 6428 0 0 0 30571 30522 30164
0 30520 0 0 0 21091 2222 9945
0 30199 1 0 0 29781 0 30166
0 541 0 0 0 23771 8476 1908
0 12055 1 0 0 0 30166 30597
0 26041 0 0 0 30414 25934 25727
0 30156 1 0 0 16011 30154 30243
0 30209 0 0 0 1364 0 30166
0 10040 0 0 0 12354 28373 4184
0 30175 0 0 0 25452 30323 30488
0 30154 1 0 0 30180 26773 25452
0 30417 0 0 0 7055 0 30166
0 2223 0 0 0 30164 2754 0
0 28373 0 0 0 30417 2258 28373
0 21732 1 0 0 0 30166 25584
0 30156 1 0 0 679 30379 4604
0 10040 0 0 0 11590 2446 8877
0 30417 0 0 0 26041 28769 28373
0 30417 0 0 0 9660 28373 30323
0 30520 0 0 0 30486 9945 30164
0 75 0 0 0 20883 30209 1923
0 26729 0 0 0 30338 28373 30417
0 268 0 0 0 13910 30164 4102
0 30417 0 0 0 9657 0 30166
0 9657 1 0 0 0 30166 30597
0 9407 1 0 0 0 30166 30626
0 9407 1 0 0 0 30166 30689
0 30597 0 0 0 4350 0 30166
0 21732 1 0 0 0 30166 25248
0 21732 1 0 0 0 30166 25242
0 15037 0 0 0 15084 438 0
0 1832 0 0 0 1908 0 30166
0 2446 0 0 0 30164 30499 26439
0 30156 1 0 0 26470 30154 30440
0 28373 0 0 0 30323 5621 30209
0 7669 0 0 0 4304 6428 30689
0 30154 1 0 0 28650 29066 30512
0 22895 1 1 0 30414 30156 26201
0 10040 0 0 0 15670 10309 438
0 30154 1 0 0 30440 26762 30417
0 30417 0 0 0 12394 0 30166
0 30166 1 0 0 30597 30363 30711
0 15670 0 0 0 15084 9407 0
0 30417 0 0 0 26041 28373 6428
0 30417 0 0 0 15620 9407 0
0 8860 1 0 0 0 30166 30597
0 28372 1 1 0 30156 28537 30154
0 26656 0 0 0 27076 25774 30209
0 30417 0 0 0 26458 30499 28373
0 30417 0 0 0 15044 0 30166
0 8860 1 0 0 0 30166 30499
0 28373 0 0 0 30417 16514 0
0 30166 1 0 0 30626 30216 30388
0 30164 1 0 0 11203 0 30166
0 30571 0 0 0 30522 30164 30597
0 30587 0 0 0 30338 30417 6058
0 10040 0 0 0 11590 15084 7169
0 4021 0 0 0 30520 27736 2085
0 30166 1 0 0 9609 26729 30338
0 8860 1 0 0 0 30166 30156
0 30154 1 0 0 28589 30164 30273
0 14696 0 0 0 8476 1908 0
0 10040 0 0 0 11074 2446 30164
0 30417 0 0 0 18654 9407 0
0 28373 0 0 0 30417 23239 10270
0 30154 1 0 0 28589 30164 30172
0 10040 0 0 0 28650 26688 30209
0 25503 1 1 1 30164 30273 30172
0 30166 1 0 0 30156 18863 30154
0 30571 0 0 0 30522 30164 30156
0 13910 0 0 0 6428 3315 0
0 2399 0 0 0 1908 0 30166
0 30209 0 0 0 30417 12518 28373
0 30164 1 0 0 30254 21732 0
0 30689 0 0 0 21732 0 30166
0 26399 0 0 0 1952 25577 28373
0 28373 0 0 0 30520 2057 30323
0 30156 1 0 0 26321 30154 28650
0 28373 0 0 0 2399 8476 1908
0 13416 0 0 0 9407 0 30166
0 28373 0 0 0 30323 13585 30164
0 10040 0 0 0 3988 13853 438
0 25774 0 0 0 26087 30180 24881
0 30323 0 0 0 15244 19374 28816
0 28373 0 0 0 9072 30571 661
0 28373 0 0 0 30323 2824 4611
0 11400 0 0 0 28560 6325 2125
0 30417 0 0 0 30156 24858 30154
0 24858 0 0 0 30154 28650 25452
0 30166 1 0 0 30587 30338 7702
0 30164 1 0 0 27138 26688 30417
0 30417 0 0 0 25287 28373 28816
0 30417 0 0 0 14281 0 30166
0 10003 0 0 0 1395 0 30166
0 3988 0 0 0 15084 7169 0
0 28373 0 0 0 30323 30180 24881
0 10171 0 0 0 3102 0 30166
0 3033 0 0 0 2857 1574 0
0 30164 1 0 0 10492 0 30166
0 26506 0 0 0 19374 2085 30520
0 30164 1 0 0 30180 28699 26210
0 30417 0 0 0 12117 28414 28373
0 2320 1 0 0 0 30166 30597
0 1707 1 0 0 0 30166 30156
0 28816 0 0 0 30597 30546 30323
0 14722 0 0 0 1952 25577 9407
0 30323 0 0 0 30488 25452 26945
0 30338 0 0 0 28373 30417 27035
0 30164 1 0 0 30278 30338 30199
0 30414 0 0 0 9506 26248 26293
0 30417 0 0 0 26041 9407 0
0 21732 1 0 0 0 30166 26439
0 2057 0 0 0 9407 0 30166
0 30164 1 0 0 30278 30338 30180
0 9945 0 0 0 28816 5581 28373
0 30417 0 0 0 6938 28373 26656
0 30164 1 0 0 12823 0 30166
0 21732 1 0 0 0 30166 26237
0 26399 0 0 0 30180 24881 30417
0 30417 0 0 0 8210 6139 30209
0 13922 0 0 0 6229 3241 0
0 21732 1 0 0 0 30166 26041
0 17129 1 0 0 30154 19495 5434
0 30209 0 0 0 30520 30164 30414
0 15670 0 0 0 10309 438 0
0 25345 0 0 0 9407 0 30166
0 10040 0 0 0 3988 268 438
0 30209 0 0 0 4017 8476 1908
0 2085 0 0 0 5060 8680 0
0 1952 0 0 0 25577 9407 0
0 15457 1 0 0 6807 0 30166
0 13734 1 0 0 30154 10614 12095
0 30164 1 0 0 30278 30338 30711
0 30164 1 0 0 30278 30338 30710
0 29880 0 0 0 28373 30323 75
0 25577 0 0 0 1908 0 30166
0 28373 0 0 0 30417 12518 28373
0 10040 0 0 0 541 3033 2857
0 25996 0 0 0 24886 25422 28373
0 28373 0 0 0 30417 24856 30209
0 28373 0 0 0 30520 10003 21732
0 26248 0 0 0 26293 22184 3742
0 30164 1 0 0 11813 28327 30597
0 30520 0 0 0 541 3033 8476
0 30323 0 0 0 30467 30317 30281
0 30156 1 0 0 29468 30154 30243
0 10040 0 0 0 11515 28373 13770
0 6513 0 0 0 9407 0 30166
0 30323 0 0 0 75 24521 30209
0 30417 0 0 0 11792 0 30166
0 30323 0 0 0 9185 0 30166
0 29468 1 0 0 30154 30243 9668
0 28373 0 0 0 10040 2824 26399
0 30166 1 0 0 30597 30709 30323
0 30154 1 0 0 30295 30507 30338
0 13910 0 0 0 21732 0 30166
0 30166 1 0 0 27076 26988 26688
0 995 0 0 0 8476 1908 0
0 30166 1 0 0 26563 30472 28373
0 27096 0 0 0 9407 0 30166
0 30417 0 0 0 625 28373 26656
0 30488 0 0 0 25774 26087 30414
0 30488 0 0 0 25774 26087 30417
0 30156 1 0 0 28424 30154 27099
0 75 0 0 0 24521 30209 11931
0 30417 0 0 0 94 30209 19377
0 10040 0 0 0 4113 5646 1908
0 30209 0 0 0 30323 26782 2222
0 30417 0 0 0 30499 30322 28373
0 30417 0 0 0 25934 25727 9208
0 30323 0 0 0 26506 2085 5060
0 21732 1 0 0 0 30166 26600
0 21732 1 0 0 0 30166 26627
0 21732 1 0 0 0 30166 26688
0 2446 0 0 0 10334 0 30166
0 2222 0 0 0 425 0 30166
0 28373 0 0 0 10040 10303 4113
0 10040 0 0 0 12021 2446 8877
0 21732 1 0 0 0 30166 26563
0 10040 0 0 0 15670 268 438
0 30156 1 0 0 29579 30154 26310
0 28373 0 0 0 30520 30486 10040
0 9182 0 0 0 438 0 30166
0 10614 0 0 0 12095 30323 30414
0 26041 0 0 0 29579 0 30166
0 4977 0 0 0 9407 0 30166
0 26248 0 0 0 26293 22184 5396
0 10040 0 0 0 393 23771 1908
0 28816 0 0 0 29411 30571 4611
0 30417 0 0 0 26041 28373 26656
0 25660 1 1 0 30164 30172 28816
0 30209 0 0 0 30417 30499 28373
0 30424 0 0 0 28373 30417 30597
0 3988 0 0 0 13853 438 0
0 7702 0 0 0 21732 0 30166
0 25584 0 0 0 30414 28941 30338
0 26656 0 0 0 8734 2085 30520
0 28345 1 0 0 30156 25558 30154
0 30156 1 0 0 30567 30154 30201
0 15037 0 0 0 10675 0 30166
0 30164 1 0 0 29201 30338 30199
0 30417 0 0 0 30499 2808 30520
0 30166 1 0 0 30180 28699 26210
0 30417 0 0 0 25518 30209 2222
0 28373 0 0 0 30571 30522 30164
0 30417 0 0 0 30221 30583 19374
0 28373 0 0 0 5396 0 30166
0 28373 0 0 0 995 2446 30164
0 30417 0 0 0 29757 25452 30414
0 30166 1 0 0 354 3033 30571
0 1908 1 0 0 0 30166 27138
0 12021 0 0 0 268 438 0
0 30522 0 0 0 30164 30597 30199
0 30522 0 0 0 30164 30597 30180
0 30166 1 0 0 25594 29656 25667
0 28373 0 0 0 6428 2961 30164
0 26248 0 0 0 3402 0 30166
0 6428 0 0 0 30370 4611 30597
0 2001 0 0 0 28373 5799 8476
0 30164 1 0 0 30488 25774 26087
0 13390 0 0 0 28560 30414 30411
0 30164 1 0 0 29201 30338 30546
0 30209 0 0 0 18342 8476 2446
0 22382 0 0 0 9407 0 30166
0 30154 1 0 0 28458 29066 30512
0 13397 0 0 0 8476 1908 0
0 9407 1 0 0 28359 0 30166
0 26041 0 0 0 9407 0 30166
0 30417 0 0 0 30499 28373 6428
0 28373 0 0 0 30164 11813 30164
0 30203 0 0 0 28381 28377 24335
0 30154 1 0 0 26176 21134 30555
0 3478 0 0 0 8680 0 30166
0 30488 0 0 0 25774 30180 24881
0 30164 1 0 0 11050 21732 0
0 28816 0 0 0 30597 30422 30216
0 30127 0 0 0 30460 30209 30520
0 438 1 0 0 0 30166 30597
0 7129 0 0 0 21732 0 30166
0 438 1 0 0 0 30166 30499
0 438 1 0 0 0 30166 30488
0 438 1 0 0 0 30166 30467
0 438 1 0 0 0 30166 30440
0 30414 0 0 0 30164 22926 30164
0 30156 1 0 0 29130 30154 28458
0 75 0 0 0 26506 19374 1923
0 11074 0 0 0 13922 6229 3241
0 28373 0 0 0 8176 2446 30164
0 30417 0 0 0 1308 194 30209
0 30164 1 0 0 8187 10171 21732
0 30417 0 0 0 25823 26423 28373
0 1908 1 0 0 0 30166 13390
0 30520 0 0 0 14696 3033 2857
0 438 1 0 0 0 30166 30156
0 7323 0 0 0 3297 0 30166
0 30417 0 0 0 30499 5430 0
0 30164 1 0 0 30488 25497 25727
0 28373 0 0 0 995 1908 0
0 30414 0 0 0 30597 30180 30323
0 9401 0 0 0 1365 0 30166
0 28373 0 0 0 26030 26439 28373
0 30156 1 0 0 16058 30154 3305
0 3988 0 0 0 268 438 0
0 24790 1 1 0 30164 24784 30164
0 30417 0 0 0 25518 30209 30164
0 30164 1 0 0 28331 25497 28560
0 28373 0 0 0 30417 7055 0
0 30417 0 0 0 30499 28373 10040
0 30166 1 0 0 30597 30303 30323
0 30156 1 0 0 28537 30154 25660
0 26656 0 0 0 10539 28414 28373
0 26688 0 0 0 26439 30417 4136
0 28373 0 0 0 30417 30488 25774
0 30154 1 0 0 30173 30327 25452
0 21732 1 0 0 0 30166 27138
0 30417 0 0 0 18654 28373 30323
0 10303 0 0 0 12021 1908 0
0 21732 1 0 0 0 30166 27076
0 30417 0 0 0 18654 28373 30417
0 30417 0 0 0 18654 28373 30423
0 28560 0 0 0 9407 0 30166
0 30156 1 0 0 24857 30154 28345
0 25660 1 1 0 30164 30172 0
0 30164 1 0 0 14096 11019 30209
0 30209 0 0 0 2085 30520 6996
0 30166 1 0 0 30156 29130 30154
0 9153 0 0 0 1908 0 30166
0 30156 1 0 0 30472 30154 27159
0 25598 0 0 0 30323 75 26506
0 30172 1 1 0 30154 28372 25503
0 24394 0 0 0 30417 30499 28373
0 1908 1 0 0 0 30166 27076
0 2001 0 0 0 9407 0 30166
0 30156 1 0 0 28322 30154 494
0 30520 0 0 0 15002 2222 30414
0 28345 1 0 0 30156 27024 30154
0 28329 1 0 0 0 30166 30597
0 30488 0 0 0 30180 24881 30417
0 30156 1 0 0 29271 30154 30191
0 6428 0 0 0 14337 0 30166
0 26041 0 0 0 30338 30199 30323
0 30174 1 0 0 5775 0 30166
0 16058 1 0 1 30154 3305 25261
0 28816 0 0 0 8730 19377 30164
0 30209 0 0 0 12021 2446 30164
0 30520 0 0 0 393 3033 2857
0 28322 1 1 0 20172 133 30164
0 10303 0 0 0 4113 1908 0
0 30166 1 0 0 15676 30189 30414
0 541 0 0 0 8476 1908 0
0 30154 1 0 0 27099 28540 30417
0 11000 0 0 0 9407 0 30166
0 30156 1 0 0 21154 30154 25102
0 26041 0 0 0 30338 30199 30520
0 21732 1 0 0 0 30166 13390
0 28373 0 0 0 30520 3581 6428
0 19377 0 0 0 1822 30164 27138
0 30154 1 0 0 24859 28650 25452
0 10040 0 0 0 27138 26688 30417
0 26041 0 0 0 30338 30199 30417
0 8476 0 0 0 2446 30164 8877
0 28373 0 0 0 30417 6668 0
0 1908 1 0 0 0 30166 26439
0 30417 0 0 0 7323 3297 0
0 26087 1 0 0 9407 0 30166
0 28373 0 0 0 10040 2441 30164
0 131 0 0 0 28360 25787 28359
0 25452 0 0 0 9407 0 30166
0 1908 1 0 0 0 30166 26563
0 10040 0 0 0 3988 15084 7169
0 28373 0 0 0 30417 30499 26916
0 10040 0 0 0 1404 4762 2446
0 30417 0 0 0 13842 0 30166
0 1908 1 0 0 0 30166 26237
0 28373 0 0 0 30417 18654 28769
0 2286 0 0 0 8680 0 30166
0 28373 0 0 0 7535 12147 2085
0 1364 1 0 0 0 30166 30156
0 30323 0 0 0 5396 0 30166
0 30689 0 0 0 18843 30597 30199
0 30323 0 0 0 12450 2085 9710
0 30203 0 0 0 30280 28373 30417
0 4021 0 0 0 30520 27736 4611
0 28373 0 0 0 30417 30499 26656
0 26656 0 0 0 75 30209 2441
0 30164 1 0 0 87 30323 30164
0 30417 0 0 0 13390 28373 30164
0 18342 0 0 0 8476 1908 0
0 1908 1 0 0 0 30166 26041
0 24790 1 1 0 30154 494 30156
0 30156 1 0 0 5167 16094 18923
0 30154 1 0 0 30243 9668 0
0 2222 0 0 0 30156 29271 30154
0 28329 1 0 0 0 30166 30499
0 28329 1 0 0 0 30166 30467
0 28329 1 0 0 0 30166 30488
0 30164 1 0 0 7232 0 30166
0 30209 0 0 0 30417 10612 0
0 15670 0 0 0 15084 6194 30164
0 28329 1 0 0 0 30166 30156
0 30164 1 0 0 2057 21732 0
0 28373 0 0 0 30417 18654 28373
0 26688 0 0 0 30417 4136 28373
0 15037 0 0 0 8654 0 30166
0 679 1 1 0 30379 4604 24827
0 30166 1 0 0 26497 3033 8476
0 21091 0 0 0 2222 7847 30164
0 18654 0 0 0 28373 30323 12450
0 25817 0 0 0 30156 28245 30154
0 28816 0 0 0 13830 19377 30164
0 2085 0 0 0 30520 21091 2222
0 30164 1 0 0 6310 0 30166
0 30156 1 0 0 28895 30154 28650
0 30520 0 0 0 2258 3577 30417
0 24886 0 0 0 25422 28373 30323
0 28373 0 0 0 13667 1858 0
0 30156 1 0 0 26201 30154 28329
0 4551 1 0 0 4803 8510 0
0 8680 1 0 0 0 30166 30597
0 28373 0 0 0 30323 26782 2222
0 26656 0 0 0 8734 28650 26688
0 30156 1 0 0 30233 30154 30597
0 30414 0 0 0 26867 27138 26688
0 75 0 0 0 26506 19374 11931
0 15676 0 0 0 30189 30414 30424
0 27995 0 0 0 28360 25683 28359
0 30424 0 0 0 28373 14669 30467
0 1908 1 0 0 0 30166 26688
0 438 1 0 0 30174 9297 0
0 1908 1 0 0 0 30166 26600
0 1908 1 0 0 0 30166 26627
0 7967 1 0 0 30154 26176 21134
0 30417 0 0 0 25376 27026 28373
0 30166 1 0 0 30709 29201 30338
0 30164 1 0 0 25594 29656 25667
0 1404 0 0 0 4762 1908 0
0 1908 1 0 0 0 30166 26729
0 1364 1 0 0 0 30166 30597
0 30617 0 0 0 30194 30203 29781
0 30414 0 0 0 30164 25175 30164
0 30417 0 0 0 13002 28373 30323
0 25584 0 0 0 30414 29215 30338
0 30417 0 0 0 30465 30216 30388
0 28373 0 0 0 30417 7988 28373
0 9407 1 0 0 0 30166 2001
0 30417 0 0 0 1287 28373 6428
0 30417 0 0 0 25934 25727 25516
0 30417 0 0 0 5079 0 30166
0 30209 0 0 0 18342 8476 1908
0 21732 1 0 0 0 30166 28941
0 30166 1 0 0 13888 28373 30323
0 27215 1 0 0 30323 6996 2477
0 30414 0 0 0 28941 30338 30199
0 30174 1 0 0 639 0 30166
0 28373 0 0 0 30417 30499 9407
0 30520 0 0 0 14567 2446 30164
0 1952 0 0 0 25577 28373 21732
0 30156 1 0 0 26867 30154 25323
0 30156 1 0 0 25106 30154 25909
0 30166 1 0 0 30597 30546 30323
0 21732 1 0 0 0 30166 28650
0 28373 0 0 0 30417 19595 2222
0 21732 1 0 0 0 30166 28560
0 30166 1 0 0 30597 30422 30216
0 30164 1 0 0 12309 0 30166
0 30156 1 0 0 24790 30154 494
0 30417 0 0 0 6668 0 30166
0 30648 0 0 0 14388 0 30166
0 30330 0 0 0 28896 30209 19377
0 4136 0 0 0 28560 28373 2073
0 28373 0 0 0 1590 1858 0
0 25369 0 0 0 9407 0 30166
0 679 1 1 0 66 24827 30154
0 30417 0 0 0 30499 28373 6760
0 28373 0 0 0 30417 10359 0
0 28373 0 0 0 10040 15670 13853
0 9180 0 0 0 1858 0 30166
0 30154 1 0 0 28650 28358 21129
0 30194 0 0 0 30363 30565 29781
0 12450 0 0 0 27138 26688 30417
0 28373 0 0 0 10040 11074 13922
0 30460 0 0 0 30209 30520 30414
0 12021 0 0 0 2446 30164 1952
0 30520 0 0 0 27736 2085 15712
0 8476 0 0 0 2446 30164 12031
0 28188 1 0 0 30154 27357 29312
0 30166 1 0 0 30597 30546 30280
0 30323 0 0 0 94 30571 661
0 30460 0 0 0 30209 30520 30164
0 30417 0 0 0 3630 9407 0
0 30520 0 0 0 30486 10040 28650
0 30414 0 0 0 5285 28373 30520
0 30417 0 0 0 26041 30414 30164
0 30209 0 0 0 15670 13853 438
0 28373 0 0 0 30417 4815 0
0 30166 1 0 0 27076 18326 28769
0 28993 1 0 0 30154 26731 28690
0 261 1 0 0 30156 298 30154
0 30156 1 0 0 27024 30154 29021
0 30499 0 0 0 28560 30414 30411
0 30156 1 0 0 30173 30154 24811
0 30417 0 0 0 75 9407 0
0 1952 0 0 0 10171 30417 14899
0 30164 1 0 0 25305 30323 30164
0 30417 0 0 0 29880 28373 30323
0 14696 0 0 0 23771 8476 1908
1 26439 0 0 0 30273 26475 28373
1 30156 1 0 0 24913 30154 24811
1 28601 0 0 0 30156 20876 30154
1 30154 1 0 0 28780 29106 29626
1 18326 0 0 0 26688 28373 30520
1 30280 0 0 0 28373 30417 18654
1 30338 0 0 0 30199 30280 28373
1 29106 0 0 0 29626 30317 30281
1 27076 0 0 0 30180 28699 28373
1 28327 1 0 0 24784 30154 30220
1 30487 0 0 0 30273 29640 28373
1 30280 0 0 0 28373 30417 30499
1 30280 0 0 0 9407 0 30166
1 30617 0 0 0 30194 30203 30280
1 30203 0 0 0 30280 28373 30417
1 30180 1 0 0 28699 26210 28373
1 25551 1 1 1 30156 28450 30154
1 30156 1 0 0 20876 30154 26545
1 26189 1 0 0 9407 0 30166
1 26968 0 0 0 26563 28373 30323
1 30156 1 0 0 29448 30154 28780
1 30180 1 0 0 28699 28373 30520
1 30199 1 0 0 30449 30417 28650
1 30194 0 0 0 30203 30280 28373
1 29175 1 0 0 30154 30194 30203
1 30280 0 0 0 28373 30417 26041
1 26563 0 0 0 25106 30280 28373
1 25854 0 0 0 30180 28699 28373
1 30597 0 0 0 30199 30449 30417
1 30317 1 0 0 30281 29448 30417
1 26627 0 0 0 25774 30180 24881
1 29656 0 0 0 25667 30172 30617
1 30281 0 0 0 29448 30417 30499
1 26968 0 0 0 29880 25907 28373
1 30154 1 0 0 27008 26555 23366
1 30156 1 0 0 28895 30154 28650
1 28358 1 0 1 29383 28373 30417
1 28895 1 0 1 28373 18843 26688
1 26563 0 0 0 28895 28373 18843
1 26439 0 0 0 30472 28373 30417
1 26439 0 0 0 27159 28373 30417
1 25667 0 0 0 28245 28373 30417
1 26563 0 0 0 30273 30440 28895
1 20876 1 0 0 30154 26545 23366
1 25486 1 0 1 30280 28373 30417
1 30153 1 0 0 24787 28373 30323
1 28327 1 0 0 28616 30154 30156
1 25594 0 0 0 29656 25667 26889
1 25106 1 1 1 30280 28373 30417
1 27076 0 0 0 18326 26688 28373
1 29029 1 1 0 28327 29025 30154
1 30156 1 0 0 20876 30154 27008
1 30153 1 0 0 24787 28373 30417
1 18326 0 0 0 26688 28373 30417
1 26688 0 0 0 28373 30417 23239
1 29656 0 0 0 25667 30194 30203
1 19038 0 0 0 30153 24787 28373
1 29656 0 0 0 25667 28245 28373
1 25667 0 0 0 30172 30617 30194
1 20149 1 1 0 28327 29021 30154
1 30280 0 0 0 28373 30417 26968
1 28780 0 0 0 29106 29626 30417
1 30156 1 0 0 20149 28327 29021
1 26439 0 0 0 28895 28373 30417
1 30154 1 0 0 30156 25636 28327
1 28327 1 0 0 29021 30154 30220
1 30317 1 0 0 30281 30156 29448
1 25594 0 0 0 29656 25667 28245
1 28780 0 0 0 29106 29626 30317
1 30449 0 0 0 30417 28650 25452
1 21154 1 0 0 30154 25102 27148
1 25594 0 0 0 29656 25667 28373
1 30156 1 0 0 29029 28327 29025
1 26439 0 0 0 28601 30209 30417
1 30317 1 0 0 30281 28780 29106
1 26627 0 0 0 25774 28650 26688
1 30154 1 0 0 28650 28358 29383
1 25667 0 0 0 30194 30203 30280
1 29106 0 0 0 29626 28373 30417
1 30472 1 1 1 28373 30417 6938
1 26439 0 0 0 30440 27185 28373
1 26439 0 0 0 25106 28373 30417
1 30156 1 0 0 28450 30154 28259
1 30467 0 0 0 30317 30281 29448
1 18863 1 0 0 28245 28373 30417
1 26968 0 0 0 19038 30153 24787
1 29656 0 0 0 25667 29175 28373
1 30156 1 0 0 29175 30154 30194
1 29656 0 0 0 25667 28373 30417
1 29656 0 0 0 25667 26889 28373
1 27076 0 0 0 26988 26688 28373
1 28327 1 0 0 29025 30154 30220
1 30156 1 0 0 30472 30154 27159
1 30487 0 0 0 30153 24784 26977
1 30273 0 0 0 28650 29066 30512
1 26563 0 0 0 30472 28373 30323
1 30472 1 1 1 28373 30417 26041
1 20876 1 0 0 30154 27008 26555
1 26563 0 0 0 30472 28373 30417
1 26563 0 0 0 9407 0 30166
1 29448 1 0 0 30154 28780 29106
1 28895 1 0 1 30154 28650 28358
1 30472 1 1 1 30154 30173 28259
1 26563 0 0 0 30358 30173 26996
1 26439 0 0 0 30156 30472 30154
1 26545 0 0 0 23366 28373 30520
1 30273 0 0 0 26475 28373 30417
1 28650 0 0 0 28358 29383 28373
1 25594 0 0 0 29656 25667 29175
1 25594 0 0 0 29656 25667 30156
1 30172 1 1 0 30617 30194 30203
1 18863 1 0 0 30154 25594 29656
1 30154 1 0 0 30194 30203 30280
1 26439 0 0 0 28601 26545 23366
1 25594 0 0 0 29656 25667 30172
1 25594 0 0 0 29656 25667 30194
1 30281 0 0 0 28780 29106 29626
1 30173 1 1 0 28259 28373 30417
1 30281 0 0 0 30156 29448 30154
1 23366 0 0 0 28373 30520 18942
1 30156 1 0 0 30472 30154 30173
1 26439 0 0 0 30317 30281 29448
2 30411 1 0 0 24799 30180 28699
2 30156 1 0 0 30180 30154 21200
2 24799 1 1 1 30180 28699 30191
2 30440 0 0 0 25362 30156 28537
2 30156 1 0 0 28537 30154 25660
2 30411 1 0 0 30172 30421 22771
2 30411 1 0 0 29136 26586 30417
2 25362 1 1 0 30156 28537 30154
2 30154 1 0 0 25660 30164 30172
2 28537 1 0 0 30154 25660 30164
2 26764 1 0 0 30440 25362 30156
2 25660 1 1 0 30164 30172 30417
2 30411 1 0 0 30156 30180 30154
3 30180 1 0 0 24881 30154 30180
3 30154 1 0 0 26688 30417 26906
3 30172 1 1 0 28560 30673 25236
3 25497 0 0 0 27109 0 30166
3 30180 1 0 0 28699 26210 30417
3 30617 0 0 0 30194 30363 30565
3 30156 1 0 0 30180 30154 25332
3 30440 0 0 0 28540 28373 30417
3 30317 1 0 0 30281 9407 0
3 30172 1 1 0 30617 30194 30363
3 29066 0 0 0 29228 0 30166
3 30414 0 0 0 26620 25422 30154
3 26301 1 0 0 30154 26688 30417
3 30194 0 0 0 29380 0 30166
3 30280 0 0 0 9407 0 30166
3 30154 1 0 0 28650 25452 30417
3 27138 0 0 0 26688 30417 26846
3 30338 0 0 0 30199 28373 30417
3 26688 0 0 0 28373 30417 26041
3 29579 1 0 1 30154 26310 25452
3 30180 1 0 0 24881 28373 30417
3 30194 0 0 0 30363 30565 30280
3 30156 1 0 0 28365 30154 29960
3 30156 1 0 0 25310 30154 30597
3 30156 1 0 0 29448 30154 28780
3 29579 1 0 1 30154 24859 28650
3 25774 0 0 0 25102 27148 26900
3 30199 1 0 0 30449 30417 28650
3 30180 1 0 0 24881 0 30166
3 30156 1 0 0 25283 30154 21976
3 28650 0 0 0 26688 28373 28816
3 30156 1 0 0 26139 30154 28560
3 27099 0 0 0 29259 26492 30414
3 30156 1 0 0 26629 30154 20679
3 25362 1 1 0 30156 28537 30154
3 26688 0 0 0 25583 30209 2222
3 30194 0 0 0 29380 9407 0
3 30154 1 0 0 30180 30156 28699
3 29297 1 0 0 30154 30440 26762
3 30180 1 0 0 24881 30417 26041
3 27099 0 0 0 28540 30417 3630
3 30156 1 0 0 29640 30154 30440
3 30180 1 0 0 26773 22628 0
3 27138 0 0 0 26688 30417 26094
3 27138 0 0 0 26688 28373 30417
3 26139 1 0 0 30154 28560 27905
3 28650 0 0 0 25452 30417 26041
3 30180 1 0 0 24881 30417 18654
3 29130 1 0 1 30154 28458 29066
3 30280 0 0 0 28373 30417 25376
3 30507 0 0 0 30338 30633 30417
3 28650 0 0 0 26688 30209 2222
3 28699 0 0 0 30191 30417 6938
3 28699 0 0 0 30191 30164 27091
3 30173 1 1 0 30327 25452 30194
3 30180 1 0 0 30156 28699 30154
3 28650 0 0 0 25452 28373 30417
3 29066 0 0 0 30512 28373 30417
3 29579 1 0 1 28373 30417 26041
3 25452 0 0 0 28373 30417 25518
3 24881 1 0 1 28650 26688 28373
3 26959 0 0 0 26510 30417 3311
3 26688 0 0 0 26867 28373 30417
3 26773 1 0 1 25452 28650 26688
3 29130 1 0 1 30154 30273 28650
3 28650 0 0 0 25452 30154 25310
3 30156 1 0 0 26448 30154 26982
3 28650 0 0 0 28358 21129 0
3 28650 0 0 0 26688 28373 10040
3 28650 0 0 0 26688 26192 30209
3 28560 0 0 0 25774 25102 27148
3 27099 0 0 0 25362 30156 28537
3 30180 1 0 0 24881 10040 15670
3 28424 1 0 0 30154 27099 28540
3 28458 1 0 1 29066 30512 30414
3 28458 1 0 1 29066 30512 30417
3 30154 1 0 0 30172 30617 30194
3 28650 0 0 0 26688 10171 30417
3 30156 1 0 0 28537 30154 25660
3 30414 0 0 0 27071 25422 30154
3 30156 1 0 0 28357 30154 21684
3 30156 1 0 0 28450 30154 28259
3 28699 0 0 0 30191 30414 30273
3 30327 0 0 0 30338 30199 28373
3 28650 0 0 0 29066 30512 30520
3 30180 1 0 0 28699 28650 25452
3 29579 1 0 1 28650 26688 30417
3 28650 0 0 0 26688 29579 28373
3 30180 1 0 0 24881 30417 15620
3 28537 1 0 0 30154 25660 30164
3 26867 1 1 1 30164 30180 24881
3 30440 0 0 0 30338 30199 28373
3 30191 1 0 0 30414 30273 30180
3 27881 1 0 0 30154 28650 29066
3 28650 0 0 0 29066 30512 30414
3 28650 0 0 0 29066 30512 30417
3 28650 0 0 0 29066 30512 30425
3 30180 1 0 0 24881 30414 26867
3 30180 1 0 0 26773 25452 28650
3 30273 0 0 0 30156 28350 30154
3 30180 1 0 0 24881 30417 75
3 28699 0 0 0 28650 25452 30417
3 25261 0 0 0 30273 26505 28373
3 30440 0 0 0 30327 30338 30199
3 30417 0 0 0 28650 25452 28373
3 30440 0 0 0 30183 29921 28373
3 28331 1 0 0 25497 27109 0
3 30338 0 0 0 30199 30449 30417
3 30440 0 0 0 30327 30565 28373
3 30156 1 0 0 25066 30154 23232
3 30327 0 0 0 25452 30194 29380
3 27099 0 0 0 21741 0 30166
3 28650 0 0 0 26688 28373 26656
3 30317 1 0 0 30617 30414 30191
3 25497 0 0 0 28560 27905 30417
3 25660 1 1 0 30164 30172 30417
3 29448 1 0 0 30154 28780 29106
3 30449 0 0 0 30417 28650 22628
3 30472 1 1 1 30154 30173 28259
3 30180 1 0 0 24881 30417 25774
3 28331 1 0 0 25497 28560 30164
3 30180 1 0 0 28699 30191 28373
3 30172 1 1 0 30617 30194 30203
3 26906 0 0 0 30414 27071 25422
3 30156 1 0 0 30657 30154 30194
3 30180 1 0 0 24881 30417 25823
3 30617 0 0 0 30414 30191 30617
3 30194 0 0 0 29380 28373 30417
3 28650 0 0 0 26688 29141 30199
3 28331 1 0 0 25497 28560 30414
3 28331 1 0 0 25497 28560 30417
3 30281 0 0 0 30156 29448 30154
3 26867 1 1 1 30154 25323 30639
3 26688 0 0 0 28373 30417 30488
3 28650 0 0 0 26688 9407 0
3 26688 0 0 0 30209 30164 30156
3 24881 1 0 1 28373 30417 25025
3 30273 0 0 0 30154 30180 30156
3 24859 1 0 0 28650 25452 30417
3 30180 1 0 0 28699 30191 30323
3 25452 0 0 0 9407 0 30166
3 30154 1 0 0 28650 29066 30512
3 30154 1 0 0 28780 29106 29626
3 30295 1 1 1 30507 29304 30417
3 29640 1 0 0 30154 30440 30565
3 30180 1 0 0 28699 30191 30164
3 28560 0 0 0 28373 30417 26041
3 30156 1 0 0 24827 30154 26210
3 30156 1 0 0 26210 30154 28650
3 28650 0 0 0 26688 30180 24881
3 30273 0 0 0 27881 30154 30273
3 24881 1 0 1 30154 30180 26773
3 26688 0 0 0 9407 0 30166
3 29130 1 0 1 30414 26041 29579
3 30472 1 1 1 30154 27159 30417
3 28650 0 0 0 22334 0 30166
3 24881 1 0 1 30417 26727 0
3 30156 1 0 0 25066 30154 26429
3 26688 0 0 0 30417 26906 30414
3 30639 0 0 0 30414 26620 25422
3 25452 0 0 0 30417 26727 0
3 26867 1 1 1 28650 26688 30417
3 24881 1 0 1 30154 30180 28699
3 28331 1 0 0 25497 28560 28816
3 25551 1 1 1 30156 28450 30154
3 30180 1 0 0 28699 26210 28650
3 28650 0 0 0 26688 25583 30209
3 30440 0 0 0 25362 30156 28537
3 28650 0 0 0 26688 30209 30164
3 25066 0 0 0 30154 26429 30414
3 30273 0 0 0 30440 30243 27701
3 26938 1 1 1 30154 30295 30507
3 26688 0 0 0 30417 30639 30414
3 25497 0 0 0 28560 27905 28373
3 28650 0 0 0 29066 29228 0
3 25310 1 0 0 30154 30597 30199
3 27138 0 0 0 26688 30417 25774
3 26688 0 0 0 30417 26094 30209
3 28560 0 0 0 27905 28373 30417
3 30156 1 0 0 28641 30154 28002
3 30657 1 0 0 30154 30194 29380
3 30180 1 0 0 24881 30164 28650
3 29640 1 0 0 30154 30440 30327
3 29640 1 0 0 30154 30440 30338
3 30180 1 0 0 24881 30417 6938
3 25452 0 0 0 28373 30417 26041
3 26927 1 0 0 30154 26688 30417
3 30156 1 0 0 26927 30154 26688
3 26867 1 1 1 30414 30180 24881
3 28650 0 0 0 26688 25815 26703
3 30180 1 0 0 24881 30417 27091
3 30597 0 0 0 30199 30449 30417
3 30317 1 0 0 30281 29448 30417
3 30180 1 0 0 24881 30417 29757
3 29380 1 0 1 9407 0 30166
3 30440 0 0 0 21741 0 30166
3 26688 0 0 0 30180 24881 28373
3 30421 0 0 0 30180 28699 30191
3 26094 0 0 0 25310 28373 30417
3 28540 0 0 0 30417 3630 28373
3 25452 0 0 0 28650 26688 28373
3 26214 1 0 1 28699 30191 30417
3 30180 1 0 0 24881 17158 30520
3 30417 0 0 0 28650 22628 0
3 30154 1 0 0 30597 30199 30449
3 25376 0 0 0 25774 26087 25327
3 28358 1 0 1 21129 0 30166
3 25557 1 0 0 30154 28331 25497
3 30154 1 0 0 26688 30417 30639
3 28217 1 0 0 30172 30617 30194
3 30673 0 0 0 25236 30194 29380
3 25159 1 0 1 28650 29066 30512
3 25357 0 0 0 26448 30414 26423
3 26415 1 0 0 30154 27099 29259
3 28650 0 0 0 26688 28373 30417
3 25329 1 0 1 30156 26210 30154
3 25774 0 0 0 26087 25327 28373
3 26960 1 0 0 30154 25497 28560
3 30180 1 0 0 24881 30417 30488
3 30156 1 0 0 29036 30154 26001
3 30180 1 0 0 24881 30417 30499
3 30180 1 0 0 25329 30156 26210
3 28650 0 0 0 26688 30417 26041
3 26448 1 1 0 30180 24881 30417
3 28650 0 0 0 26688 26867 28373
3 27138 0 0 0 26688 13910 30417
3 28650 0 0 0 28358 29383 30164
3 28780 0 0 0 29106 29626 30417
3 28424 1 0 0 30154 30440 28540
3 26773 1 0 1 22628 0 30166
3 30156 1 0 0 30273 30154 30180
3 25497 0 0 0 28560 30417 26041
3 30440 0 0 0 28650 29066 30512
3 30449 0 0 0 30417 28650 25452
3 30180 1 0 0 24881 30417 26727
3 28699 0 0 0 30191 30417 9564
3 26688 0 0 0 28373 26656 26627
3 27881 1 0 0 30154 30273 28650
3 28540 0 0 0 30417 3630 9407
3 28650 0 0 0 22628 0 30166
3 28650 0 0 0 28358 29383 30414
3 28350 1 0 0 30154 24813 30417
3 26945 1 0 1 24881 28373 30417
3 29579 1 0 1 28650 26688 28373
3 30156 1 0 0 25714 30154 26457
3 30472 1 1 1 30520 27148 30323
3 30417 0 0 0 28650 25452 30154
3 24881 1 0 1 30417 29757 25452
3 26448 1 1 0 30414 26423 28373
3 30156 1 0 0 28699 30154 30191
3 25991 1 1 1 30154 30295 30507
3 25376 0 0 0 25774 26087 28373
3 28650 0 0 0 25452 9407 0
3 24813 1 0 0 29953 30417 9318
3 28650 0 0 0 29066 30512 28373
3 24881 1 0 1 30417 26041 28373
3 30156 1 0 0 28350 30154 24813
3 26310 1 0 1 25452 28650 26688
3 30295 1 1 1 30507 30338 30633
3 30156 1 0 0 26301 30154 26688
3 30273 0 0 0 30180 28699 30191
3 30273 0 0 0 28650 29066 30512
3 30154 1 0 0 25660 30164 30172
3 25960 0 0 0 30507 30417 30499
3 30180 1 0 0 24881 28650 26688
3 25013 1 0 0 30154 26244 30317
3 30281 0 0 0 9407 0 30166
3 30156 1 0 0 26107 30154 21971
3 30417 0 0 0 30639 30414 26620
3 26867 1 1 1 28650 26688 28373
3 30417 0 0 0 28650 25452 30417
3 29960 0 0 0 30180 28699 30191
3 30273 0 0 0 28650 29066 30341
3 28699 0 0 0 30191 30417 25934
3 30156 1 0 0 27881 30154 28650
3 30338 0 0 0 30633 30417 30499
3 28895 1 0 1 30154 28650 28358
3 30180 1 0 0 24881 27138 26688
3 30417 0 0 0 26906 30414 27071
3 28650 0 0 0 29066 30512 28816
3 24881 1 0 1 30417 30499 25452
3 25003 1 0 0 30154 27036 26591
3 30180 1 0 0 26773 25452 30417
3 26210 1 0 0 30154 28650 25452
3 25913 1 0 1 30154 30597 30199
3 30180 1 0 0 28699 30191 27091
3 28650 0 0 0 25452 28650 26688
3 28780 0 0 0 30180 24881 28373
3 25769 1 1 0 30154 30172 28560
3 30281 0 0 0 28780 29106 29626
3 25114 0 0 0 30507 30338 30633
3 25771 1 0 1 30156 27881 30154
3 30180 1 0 0 28699 30191 30414
3 30180 1 0 0 28699 30191 30417
3 27138 0 0 0 22334 0 30166
4 30597 0 0 0 30156 30404 30154
4 30465 0 0 0 30216 30388 30280
4 30199 1 0 0 30156 30161 30154
4 30597 0 0 0 30180 30323 26782
4 30465 0 0 0 30199 30280 30641
4 30280 0 0 0 30323 30499 26439
4 30199 1 0 0 30280 30641 30323
4 30465 0 0 0 30216 30388 30323
4 30595 1 0 0 30154 30597 30422
4 30233 1 0 0 30154 30597 30444
4 30404 1 0 0 30154 30140 30629
4 30597 0 0 0 30199 30585 30323
4 30465 0 0 0 30180 30414 30199
4 30597 0 0 0 30199 30589 30323
4 30597 0 0 0 30180 30280 30323
4 30199 1 0 0 30449 30417 28650
4 30199 1 0 0 30216 30388 30417
4 30165 1 0 1 30154 30727 30156
4 30597 0 0 0 30546 30323 30499
4 30246 1 0 0 30154 30465 30216
4 30597 0 0 0 30199 30449 30323
4 30597 0 0 0 30199 30417 26041
4 30201 0 0 0 30422 30280 30323
4 30597 0 0 0 30199 30641 30323
4 30597 0 0 0 30199 30449 30417
4 30199 1 0 0 30323 30499 26439
4 30156 1 0 0 30404 30154 30140
4 30199 1 0 0 21732 0 30166
4 30597 0 0 0 30180 30593 30128
4 30597 0 0 0 30199 30388 30323
4 30465 0 0 0 30199 30216 30388
4 30199 1 0 0 30414 30180 30323
4 30216 0 0 0 30388 30280 30323
4 30597 0 0 0 30199 30280 30585
4 30597 0 0 0 30140 30629 30414
4 30597 0 0 0 30199 30280 30641
4 30597 0 0 0 30494 30520 30507
4 30465 0 0 0 30199 30280 30323
4 30597 0 0 0 30199 30216 30388
4 30494 0 0 0 30149 30159 30280
4 30216 0 0 0 30388 30280 30417
4 30199 1 0 0 30280 30585 30323
4 30597 0 0 0 30180 30323 30499
4 30597 0 0 0 30199 30323 26563
4 30626 0 0 0 30280 30323 30499
4 30597 0 0 0 30494 30149 30159
4 30597 0 0 0 30422 30216 30388
4 30597 0 0 0 30199 30156 30161
4 30597 0 0 0 30404 30414 30199
4 30201 0 0 0 30422 30323 27099
4 30449 0 0 0 30417 28650 25452
4 30597 0 0 0 30199 30323 26782
4 30597 0 0 0 30546 30323 26688
4 30597 0 0 0 30199 30280 30323
4 30465 0 0 0 30323 27099 28540
4 30597 0 0 0 30199 30323 26688
4 30597 0 0 0 30199 30414 30626
4 30597 0 0 0 30199 30280 30417
4 30465 0 0 0 30199 30414 30180
4 30156 1 0 0 30161 30154 30727
4 30156 1 0 0 30161 30154 30724
4 30199 1 0 0 30417 26727 0
4 30626 0 0 0 30216 30388 30280
4 30597 0 0 0 30199 30323 26041
4 30597 0 0 0 30199 30414 30404
4 30597 0 0 0 30199 30414 30180
4 30156 1 0 0 30161 30154 30547
4 30199 1 0 0 30216 30388 30280
4 30422 0 0 0 30216 30388 30280
4 30626 0 0 0 30280 30585 30323
4 30597 0 0 0 30199 30323 30467
4 30597 0 0 0 30199 30323 30488
4 30597 0 0 0 30199 30323 30499
4 30199 1 0 0 30614 30414 30529
4 30422 0 0 0 30216 30388 30323
4 30422 0 0 0 30216 30388 30417
4 30597 0 0 0 30199 0 30166
4 30180 1 0 0 30280 30585 30323
4 30156 1 0 0 30165 30154 30727
4 30216 0 0 0 29928 0 30166
4 30632 1 0 0 30154 30597 30422
4 30597 0 0 0 30546 30280 30323
5 30597 0 0 0 30199 30301 30323
5 30597 0 0 0 30494 30149 30159
5 30597 0 0 0 30199 30301 30280
5 30597 0 0 0 30287 30328 28588
5 29201 0 0 0 30338 30546 28373
5 30597 0 0 0 28322 28917 29144
5 30280 0 0 0 9407 0 30166
5 30597 0 0 0 29847 30417 25584
5 30338 0 0 0 30546 30280 28373
5 30338 0 0 0 30199 30280 30209
5 29201 0 0 0 30338 30199 30280
5 30597 0 0 0 30199 28907 28283
5 29201 0 0 0 30338 30180 30280
5 28322 1 1 0 28917 29144 29201
5 30278 0 0 0 30338 30199 30280
5 30301 1 0 0 21732 0 30166
5 30199 1 0 0 30280 30209 30323
5 30699 1 1 1 30164 29201 30338
5 30699 1 1 1 29201 30338 30546
5 29201 0 0 0 30338 30546 30280
5 30278 0 0 0 30338 30180 30414
5 30494 0 0 0 30149 30159 30280
5 30597 0 0 0 29084 30417 25584
5 30597 0 0 0 30199 30301 30417
5 30278 0 0 0 30338 30180 30280
5 30338 0 0 0 30546 30280 30209
