0 3630 0 0 0 28373 30164 30417
0 2315 0 0 0 30425 7847 2001
0 30166 1 0 0 30597 30185 0
0 29036 1 1 0 30154 26001 30156
0 4113 0 0 0 2446 8877 28373
0 28373 0 0 0 21732 0 15537
0 25577 0 0 0 28373 21732 1952
0 12394 1 0 0 0 0 30417
0 9407 1 0 0 0 0 5581
0 4467 1 0 1 27074 25266 25261
0 6428 0 0 0 2961 15037 30209
0 29781 1 0 0 0 0 30199
0 30154 1 0 0 0 0 14555
0 29781 1 0 0 0 0 30203
0 28188 1 0 0 30154 27357 30156
0 2446 0 0 0 30164 7232 12021
0 30154 1 0 0 27036 26591 25003
0 6938 0 0 0 9407 0 30417
0 9407 1 0 0 0 0 22382
0 1908 1 0 0 0 0 5646
0 1908 1 0 0 0 0 5691
0 29954 0 0 0 30417 30499 30467
0 30194 0 0 0 29380 0 30154
0 5621 0 0 0 3807 30209 30323
0 30166 1 0 0 30597 30180 0
0 1908 1 0 0 0 0 5799
0 30154 1 0 0 27357 28816 28188
0 30417 0 0 0 30488 28373 28373
0 1908 1 0 0 0 0 10234
0 15293 0 0 0 30571 4683 28373
0 30166 1 0 0 30597 13910 0
0 26041 0 0 0 30218 30199 30166
0 248 0 0 0 8476 5060 26656
0 29136 0 0 0 28331 28789 26688
0 11515 0 0 0 28373 13770 10040
0 13910 0 0 0 30164 14500 13853
0 13910 0 0 0 11061 0 15524
0 30156 1 0 0 679 66 30166
0 30520 0 0 0 27148 30323 30472
0 30156 1 0 0 28537 30154 28372
0 30417 0 0 0 25934 28373 28373
0 30166 1 0 0 25248 15037 0
0 28360 1 0 0 25683 28359 27995
0 10171 0 0 0 30417 14899 1952
0 8323 1 0 0 0 0 6229
0 24856 0 0 0 22235 19374 30417
0 26041 0 0 0 28373 10040 30417
0 30166 1 0 0 30597 29880 0
0 30571 0 0 0 661 30522 15293
0 30166 1 0 0 25366 14510 0
0 30520 0 0 0 27148 30323 30209
0 29880 0 0 0 28373 8923 30417
0 9660 0 0 0 28373 30323 30417
0 26399 0 0 0 1952 25577 30520
0 5396 1 0 0 0 0 28373
0 30520 0 0 0 541 4611 2085
0 30164 1 0 0 4113 10171 2446
0 324 0 0 0 7792 28359 28360
0 15670 0 0 0 4390 438 10040
0 2001 0 0 0 8680 0 26399
0 2389 1 0 0 0 0 30164
0 28373 0 0 0 14669 30467 30424
0 75 0 0 0 28373 30414 30417
0 1908 1 0 0 0 0 5002
0 30417 0 0 0 16514 0 28373
0 30520 0 0 0 9837 5060 28373
0 15084 0 0 0 13910 30164 3988
0 5883 1 0 0 30154 13697 30156
0 29781 1 0 0 0 0 30565
0 29880 0 0 0 28373 30323 30417
0 30414 0 0 0 29215 30338 25584
0 30166 1 0 0 29579 28650 0
0 21522 1 0 0 0 0 26041
0 26154 1 0 0 0 0 24886
0 27096 0 0 0 28373 30323 30417
0 30156 1 0 0 648 66 30166
0 30166 1 0 0 25584 30711 0
0 30166 1 0 0 30467 30596 0
0 4102 1 0 0 0 0 13910
0 25598 0 0 0 30323 75 28373
0 15084 0 0 0 438 0 15670
0 18923 1 0 0 13265 14555 16094
0 6167 0 0 0 28373 30520 30417
0 13416 0 0 0 28373 30164 30417
0 6938 0 0 0 28373 30414 30417
0 12952 1 0 0 30154 363 30156
0 4113 0 0 0 1908 0 28373
0 30499 0 0 0 30317 30281 30166
0 30166 1 0 0 9609 25203 0
0 30388 0 0 0 18843 30648 30216
0 18135 0 0 0 19377 30499 19377
0 30166 1 0 0 14096 28740 0
0 25774 0 0 0 26087 30414 30488
0 8730 0 0 0 19377 30164 28816
0 1952 0 0 0 8680 0 26399
0 6167 0 0 0 28373 8990 30417
0 18135 0 0 0 19377 30164 19377
0 30166 1 0 0 25871 30338 0
0 30166 1 0 0 26563 26439 0
0 30164 1 0 0 30499 26439 2446
0 30417 0 0 0 10576 0 28373
0 6428 0 0 0 30514 2222 28373
0 28373 0 0 0 30323 75 18654
0 30154 1 0 0 26310 25452 29579
0 30154 1 0 0 30440 30338 29640
0 1916 1 0 0 0 0 28373
0 15084 0 0 0 438 0 15037
0 5581 0 0 0 9407 0 30417
0 30154 1 0 0 30440 30327 29640
0 30166 1 0 0 30156 30632 0
0 30323 0 0 0 12450 2085 28373
0 2222 0 0 0 8680 0 28373
0 30166 1 0 0 29468 28816 0
0 1858 1 0 0 0 0 5835
0 30166 1 0 0 29271 30417 0
0 9153 0 0 0 30571 26399 30323
0 30166 1 0 0 25996 25870 0
0 30571 0 0 0 30522 30164 6428
0 2290 0 0 0 30414 10139 26656
0 30166 1 0 0 26041 30338 0
0 2008 0 0 0 30209 11931 75
0 10040 0 0 0 12021 13853 28373
0 26041 0 0 0 28373 6428 30417
0 30417 0 0 0 26041 28373 28373
0 2446 0 0 0 30164 8877 11590
0 10369 1 0 0 0 0 30417
0 2446 0 0 0 30164 7232 11590
0 30132 0 0 0 30697 30565 30363
0 27096 0 0 0 28373 26656 30417
0 30154 1 0 0 30597 30199 25913
0 15670 0 0 0 13853 13910 10040
0 30166 1 0 0 5285 28373 0
0 30166 1 0 0 26627 25774 0
0 15670 0 0 0 15084 7169 10040
0 30166 1 0 0 25366 27974 0
0 2824 0 0 0 2446 30164 10040
0 15620 0 0 0 28373 30520 30417
0 12450 0 0 0 30722 2222 30323
0 30166 1 0 0 27076 25774 0
0 30166 1 0 0 15676 30424 0
0 30154 1 0 0 30273 28650 29130
0 6428 0 0 0 8585 30323 28373
0 10040 0 0 0 11590 2446 28373
0 30166 1 0 0 28188 30520 0
0 30417 0 0 0 25934 25727 28373
0 30323 0 0 0 9401 2073 25305
0 3033 0 0 0 2857 30164 541
0 8734 0 0 0 2222 9945 26656
0 30166 1 0 0 2723 15037 0
0 9407 1 0 0 0 0 6938
0 30166 1 0 0 30597 30422 0
0 6924 1 0 0 0 0 4390
0 10040 0 0 0 2824 2446 28373
0 30323 0 0 0 26506 2085 28373
0 9407 1 0 0 0 0 6830
0 10914 0 0 0 30417 5581 30417
0 30156 1 0 0 18863 30154 30166
0 30154 1 0 0 30597 30199 25310
0 18135 0 0 0 19377 30597 19377
0 28373 0 0 0 30417 26688 30280
0 19374 0 0 0 2085 30520 26506
0 30597 0 0 0 13910 30417 30166
0 14389 1 0 0 0 0 8793
0 26293 0 0 0 22184 28373 26248
0 75 0 0 0 3807 30209 30323
0 2258 0 0 0 28373 30164 30417
0 9407 1 0 0 0 0 23599
0 1574 1 0 0 0 0 30722
0 30156 1 0 0 24858 30154 10040
0 30713 0 0 0 30209 18843 6428
0 30156 1 0 0 24790 30154 30597
0 11074 0 0 0 2446 30164 10040
0 1908 1 0 0 0 0 4396
0 30164 1 0 0 12031 0 2446
0 10786 1 0 0 0 0 30323
0 30417 0 0 0 26688 28373 28373
0 10171 0 0 0 21732 0 3478
0 2085 0 0 0 30520 6996 30209
0 30194 0 0 0 30203 30280 30617
0 27995 0 0 0 30417 2001 30423
0 30164 1 0 0 25310 30164 30414
0 8540 1 0 0 0 0 30417
0 1908 1 0 0 0 0 11590
0 4840 0 0 0 21732 0 30164
0 6167 0 0 0 28373 28816 30417
0 176 1 0 0 0 0 30417
0 30166 1 0 0 18654 26439 0
0 30166 1 0 0 25248 9697 0
0 14984 0 0 0 2212 30164 30164
0 1908 1 0 0 0 0 4762
0 30166 1 0 0 25774 26087 0
0 9407 1 0 0 0 0 6167
0 30166 1 0 0 26497 3033 0
0 30445 1 0 0 30154 30363 30156
0 30499 0 0 0 26656 8734 30417
0 9459 1 0 0 0 0 28373
0 28537 1 0 0 30154 28589 30156
0 21732 1 0 0 0 0 15369
0 1908 1 0 0 0 0 4113
0 30166 1 0 0 30172 30617 0
0 30164 1 0 0 30172 30417 25660
0 26052 1 0 0 30154 9506 30156
0 27096 0 0 0 30338 30199 30166
0 8680 1 0 0 0 0 15620
0 30417 0 0 0 11849 28373 28373
0 9407 1 0 0 0 0 6513
0 26782 0 0 0 2222 26439 30323
0 30417 0 0 0 18654 21522 28373
0 30166 1 0 0 27078 30265 0
0 30417 0 0 0 6058 30209 30338
0 30164 1 0 0 2754 0 28373
0 27096 0 0 0 30338 30199 30414
0 4762 0 0 0 2446 30164 1404
0 30166 1 0 0 28650 26688 0
0 28373 0 0 0 30417 19595 29635
0 28329 1 0 0 0 0 30280
0 30166 1 0 0 25362 30156 0
0 10675 1 0 0 0 0 15037
0 8380 1 0 0 0 0 28329
0 30414 0 0 0 30597 30199 30323
0 30363 0 0 0 30132 30697 30154
0 6511 1 0 0 0 0 30417
0 2446 0 0 0 30164 12031 8476
0 5002 0 0 0 1908 0 10040
0 30639 0 0 0 24624 30209 30417
0 30417 0 0 0 75 9407 28373
0 30166 1 0 0 30626 30323 0
0 11074 0 0 0 13922 6229 10040
0 30166 1 0 0 30156 679 0
0 8476 0 0 0 2446 30164 28514
0 6428 0 0 0 3315 0 10171
0 26041 0 0 0 30414 30164 30417
0 30417 0 0 0 25025 28816 28373
0 2446 0 0 0 30164 8877 12021
0 75 0 0 0 30209 1923 30323
0 10171 0 0 0 1916 0 26968
0 30166 1 0 0 26563 25106 0
0 30499 0 0 0 5430 0 30417
0 8734 0 0 0 2222 30164 26656
0 10003 0 0 0 21732 0 30520
0 30499 0 0 0 28373 30164 30417
0 905 0 0 0 2085 5060 30520
0 1692 1 1 0 66 24827 30156
0 8734 0 0 0 15037 26627 26656
0 11646 1 0 0 0 0 30417
0 10003 0 0 0 21732 0 30164
0 7169 1 0 0 0 0 268
0 28373 0 0 0 30417 23239 29626
0 11813 0 0 0 28327 30597 30164
0 30164 1 0 0 1952 25577 2446
0 30164 1 0 0 3478 10171 2446
0 28414 0 0 0 9407 0 12117
0 30166 1 0 0 26439 30273 0
0 1858 1 0 0 0 0 13679
0 1858 1 0 0 0 0 13667
0 30166 1 0 0 30465 30323 0
0 30323 0 0 0 26041 30180 30280
0 30417 0 0 0 75 28373 10171
0 28373 0 0 0 30417 30488 26688
0 26661 0 0 0 2085 30520 30520
0 30166 1 0 0 25584 29372 0
0 30194 0 0 0 30203 30280 30166
0 30194 0 0 0 30203 30280 30154
0 30194 0 0 0 30203 30280 30172
0 30166 1 0 0 25774 26730 0
0 30166 1 0 0 30156 18863 0
0 30520 0 0 0 23599 28373 12021
0 12031 1 0 0 0 0 30164
0 30164 1 0 0 27138 26688 8517
0 30154 1 0 0 27159 30417 30472
0 6938 0 0 0 28373 10040 30417
0 6469 0 0 0 30164 30156 10040
0 30166 1 0 0 26049 26423 0
0 30164 1 0 0 1952 10171 28373
0 30154 1 0 0 30414 28327 24784
0 4276 1 0 0 0 0 15457
0 12309 1 0 0 0 0 30164
0 30166 1 0 0 25515 26439 0
0 30520 0 0 0 4889 30520 28373
0 13390 0 0 0 28373 30164 30417
0 28946 1 1 1 28613 30414 28745
0 10171 0 0 0 21732 0 4113
0 1858 1 0 0 0 0 13193
0 30164 1 0 0 2754 0 13910
0 30166 1 0 0 15676 30189 0
0 30499 0 0 0 28373 30414 30417
0 1908 1 0 0 0 0 25577
0 30499 0 0 0 26929 28373 30417
0 11074 0 0 0 9506 26248 10040
0 1858 1 0 0 0 0 8942
0 9297 1 0 0 0 0 30174
0 30414 0 0 0 30180 24881 26867
0 1822 0 0 0 30164 30467 19377
0 30166 1 0 0 30597 30709 0
0 30417 0 0 0 4265 0 28373
0 13853 0 0 0 6194 30164 15670
0 15084 0 0 0 9407 0 11590
0 15670 0 0 0 13853 438 10040
0 30280 0 0 0 30417 28560 30565
0 14388 1 0 0 0 0 30648
0 11517 1 0 0 0 0 30417
0 29973 0 0 0 4611 30597 6428
0 66 1 0 0 20204 30154 679
0 438 1 0 0 0 0 27524
0 19377 0 0 0 30164 30156 18135
0 25345 0 0 0 5100 30209 24635
0 11696 1 0 0 0 0 30417
0 30154 1 0 0 30465 30216 30246
0 25503 1 1 1 30164 30172 28372
0 1908 1 0 0 0 0 12910
0 30166 1 0 0 25242 30417 0
0 438 1 0 0 0 0 13416
0 28373 0 0 0 30417 26041 24881
0 30166 1 0 0 26968 26563 0
0 30166 1 0 0 26729 30338 0
0 2690 1 0 0 0 0 30417
0 8340 1 0 0 30651 3027 30164
0 15084 0 0 0 9407 0 11074
0 1952 0 0 0 10171 21732 2446
0 30166 1 0 0 19591 30499 0
0 30156 1 0 0 30180 24881 30164
0 30156 1 0 0 30180 24881 30166
0 14696 0 0 0 23771 8476 10040
0 30254 0 0 0 30323 7702 30414
0 14563 1 0 0 0 0 30323
0 30156 1 0 0 26201 30154 30414
0 26248 0 0 0 26293 22583 9506
0 26399 0 0 0 1574 0 2824
0 1364 1 0 0 0 0 30209
0 22235 0 0 0 2085 30520 26656
0 2556 0 0 0 9407 0 30417
0 30499 0 0 0 30322 30338 30417
0 8476 0 0 0 2446 30164 18342
0 30417 0 0 0 10359 0 28373
0 30520 0 0 0 25774 27138 28373
0 12021 0 0 0 18453 1908 10040
0 15084 0 0 0 7169 0 11590
0 75 0 0 0 28730 28373 30417
0 30372 0 0 0 30697 30417 30363
0 30417 0 0 0 11316 30414 28373
0 18654 0 0 0 9407 0 30417
0 438 1 0 0 0 0 13853
0 30417 0 0 0 4136 28373 26688
0 2446 0 0 0 30164 1952 11590
0 30164 1 0 0 24931 30164 30414
0 26248 0 0 0 26293 22184 9506
0 13734 1 0 0 30154 10614 30156
0 11405 1 0 0 0 0 30164
0 12674 1 0 0 0 0 28373
0 30156 1 0 0 25558 30154 28345
0 30417 0 0 0 4136 28373 26439
0 30417 0 0 0 30499 28373 28373
0 30520 0 0 0 21091 15037 2085
0 1952 0 0 0 25577 28373 26399
0 30166 1 0 0 14341 10171 0
0 10234 0 0 0 2446 30164 10040
0 30154 1 0 0 28329 27769 26201
0 30417 0 0 0 9050 28373 28373
0 30488 0 0 0 27026 28373 30417
0 11947 0 0 0 3033 2857 30323
0 30520 0 0 0 2216 15037 2085
0 27091 0 0 0 25497 25727 30164
0 1365 1 0 0 0 0 28373
0 4396 0 0 0 1908 0 28373
0 30154 1 0 0 24859 28650 29579
0 30499 0 0 0 9407 0 30417
0 1908 1 0 0 0 0 8454
0 1908 1 0 0 0 0 8476
0 75 0 0 0 28373 30164 30417
0 30164 1 0 0 30465 30199 2446
0 15084 0 0 0 7169 0 3988
0 10535 0 0 0 13679 1858 28373
0 1952 0 0 0 28373 30520 30417
0 30417 0 0 0 19595 2222 28373
0 30166 1 0 0 5799 4611 0
0 2001 0 0 0 25017 28373 30417
0 24858 0 0 0 30154 28650 30156
0 25660 1 1 0 30164 30172 30154
0 9945 0 0 0 30164 30156 30486
0 30417 0 0 0 26968 19038 28373
0 30414 0 0 0 30254 30323 30323
0 4889 0 0 0 10040 26600 30520
0 14170 1 0 0 0 0 28373
0 28816 0 0 0 12147 2222 28373
0 10040 0 0 0 30379 5915 30323
0 25774 0 0 0 30417 15348 30520
0 30486 0 0 0 9945 30164 30520
0 21732 1 0 0 0 0 1888
0 26399 0 0 0 14034 30164 2315
0 87 0 0 0 30323 30164 30164
0 30166 1 0 0 30704 30323 0
0 30417 0 0 0 75 28373 13910
0 30417 0 0 0 30499 30417 28373
0 28816 0 0 0 9196 2222 30209
0 268 0 0 0 438 0 12021
0 11061 1 0 0 0 0 13910
0 30323 0 0 0 11947 3033 28373
0 30166 1 0 0 30597 30059 0
0 10612 1 0 0 0 0 30417
0 25996 0 0 0 24886 25422 30166
0 30166 1 0 0 26041 30218 0
0 30520 0 0 0 2824 4611 8476
0 30338 0 0 0 19070 30323 30587
0 30417 0 0 0 25376 26348 28373
0 12450 0 0 0 30467 30417 30323
0 30154 1 0 0 9506 26248 26052
0 30156 1 0 0 29271 30154 2222
0 30156 1 0 0 18863 30154 30417
0 7535 0 0 0 12147 2085 28373
0 30166 1 0 0 29579 30417 0
0 22184 0 0 0 5396 0 26293
0 10334 1 0 0 0 0 30164
0 1908 1 0 0 0 0 12021
0 18342 0 0 0 8476 2446 30209
0 30166 1 0 0 30597 30304 0
0 2001 0 0 0 28373 995 30417
0 30166 1 0 0 30597 30303 0
0 30166 1 0 0 30156 2295 0
0 4981 1 0 0 0 0 28373
0 30166 1 0 0 30597 30199 0
0 27146 0 0 0 26248 26293 30164
0 27146 0 0 0 26248 26293 30166
0 11400 0 0 0 28560 6325 30166
0 1099 1 0 0 0 0 30164
0 29757 0 0 0 25452 28373 30417
0 30617 0 0 0 30194 30203 30172
0 679 1 1 0 66 20204 30156
0 30414 0 0 0 277 30209 7400
0 30166 1 0 0 30597 30301 0
0 8734 0 0 0 2085 30520 26656
0 30417 0 0 0 26727 0 24881
0 4304 0 0 0 6428 30689 7669
0 2085 0 0 0 30571 15712 15351
0 30166 1 0 0 30587 30338 0
0 6428 0 0 0 30514 26399 28373
0 25518 0 0 0 30209 2222 30417
0 30166 1 0 0 30467 30317 0
0 4966 1 0 0 0 0 30417
0 10040 0 0 0 2441 30164 10171
0 2446 0 0 0 30164 1952 12021
0 30338 0 0 0 30199 30520 26041
0 30499 0 0 0 28373 27736 30417
0 29841 0 0 0 6428 30689 25824
0 28993 1 0 0 30154 26731 30156
0 2222 0 0 0 9945 30164 26782
0 25287 0 0 0 28373 30164 30417
0 6406 1 0 0 4551 4782 30166
0 30323 0 0 0 12450 12117 28373
0 10040 0 0 0 4113 2446 28373
0 30417 0 0 0 25026 28373 28373
0 30166 1 0 0 30467 28324 0
0 9407 1 0 0 0 0 11479
0 1858 1 0 0 0 0 9794
0 1858 1 0 0 0 0 9779
0 15190 1 0 0 0 0 30417
0 30166 1 0 0 29201 30338 0
0 30189 0 0 0 30414 30424 15676
0 30488 0 0 0 25452 26945 30323
0 18654 0 0 0 28373 26656 30417
0 8680 1 0 0 0 0 1952
0 9407 1 0 0 0 0 25774
0 30166 1 0 0 30488 30487 0
0 9407 1 0 0 0 0 25854
0 30164 1 0 0 14500 13047 13910
0 30154 1 0 0 29021 28379 27024
0 6058 0 0 0 30209 30323 30417
0 7585 0 0 0 28373 30323 30417
0 13910 0 0 0 30164 4102 268
0 21732 1 0 0 0 0 2057
0 9407 1 0 0 0 0 25577
0 30154 1 0 0 30172 30617 28245
0 30514 0 0 0 2222 30156 6428
0 9407 1 0 0 0 0 11000
0 9407 1 0 0 0 0 11095
0 3297 1 0 1 0 0 7323
0 2699 0 0 0 194 1858 28373
0 9407 1 0 0 0 0 25369
0 9407 1 0 0 0 0 25345
0 27736 0 0 0 2085 15712 28816
0 6229 0 0 0 8323 0 13922
0 1858 1 0 0 0 0 9180
0 30166 1 0 0 10826 30012 0
0 9407 1 0 0 0 0 25452
0 26041 0 0 0 30338 30199 3814
0 29215 0 0 0 30338 30417 30414
0 30154 1 0 0 25594 29656 18863
0 21732 1 0 0 0 0 2456
0 15239 0 0 0 28373 30323 30417
0 9407 1 0 0 0 0 25273
0 30587 0 0 0 30338 19070 30166
0 438 1 0 0 0 0 9182
0 28373 0 0 0 30417 26041 25452
0 7232 1 0 0 0 0 30164
0 13416 0 0 0 28373 995 30417
0 2446 0 0 0 30164 8877 8476
0 30166 1 0 0 6406 4551 0
0 30417 0 0 0 10040 30520 28373
0 15293 0 0 0 30571 661 28373
0 11590 0 0 0 2446 30164 10040
0 9407 1 0 0 0 0 25026
0 9407 1 0 0 0 0 25017
0 30156 1 0 0 25557 30154 30164
0 27035 0 0 0 26047 28373 30417
0 30166 1 0 0 26600 26094 0
0 10334 1 0 0 0 0 2446
0 30520 0 0 0 2216 2222 2085
0 9407 1 0 0 0 0 26041
0 9407 1 0 0 0 0 26087
0 541 0 0 0 3033 2857 30520
0 25577 0 0 0 28373 21732 4113
0 13679 0 0 0 1858 0 10535
0 9407 1 0 0 0 0 26189
0 30338 0 0 0 28373 30423 30322
0 28373 0 0 0 30520 18942 23366
0 30164 1 0 0 30273 30172 25660
0 9185 1 0 0 0 0 30323
0 30154 1 0 0 27099 29259 26415
0 30166 1 0 0 25960 25870 0
0 30417 0 0 0 30499 28373 13910
0 19377 0 0 0 18135 19377 28816
0 648 1 1 0 30379 4604 30156
0 1908 1 0 0 0 0 7342
0 30323 0 0 0 13585 30164 28373
0 30323 0 0 0 30425 19340 25287
0 30323 0 0 0 11947 2222 28373
0 10576 1 0 0 0 0 30417
0 9407 1 0 0 0 0 8348
0 16420 1 0 0 30154 3305 30156
0 18654 0 0 0 21522 0 30417
0 25452 0 0 0 30323 5436 30175
0 268 0 0 0 13910 30164 15670
0 7308 1 0 0 0 0 30414
0 7308 1 0 0 0 0 30417
0 19377 0 0 0 18135 19377 28373
0 30166 1 0 0 13878 30338 0
0 30156 1 0 0 1692 66 30164
0 25934 0 0 0 24562 0 30417
0 6668 1 0 0 0 0 30417
0 6807 1 0 0 0 0 30174
0 24858 0 0 0 30154 5581 30156
0 425 1 0 0 0 0 26399
0 6167 0 0 0 28373 26656 30417
0 30164 1 0 0 30273 30172 25503
0 9407 1 0 0 0 0 8396
0 30166 1 0 0 30156 30273 0
0 18654 0 0 0 28769 28373 30417
0 30166 1 0 0 10867 2085 0
0 4551 1 0 0 4803 8510 6406
0 2085 0 0 0 30520 9697 10867
0 11203 1 0 0 0 0 30164
0 8210 0 0 0 6139 30209 30417
0 23771 0 0 0 1908 0 393
0 30363 0 0 0 30565 30280 30194
0 8877 1 0 0 0 0 2446
0 30194 0 0 0 30363 30565 30617
0 13910 0 0 0 30164 14500 15084
0 14424 1 0 0 0 0 30417
0 30164 1 0 0 14500 13047 6194
0 30414 0 0 0 30164 30597 10040
0 131 0 0 0 30154 10040 30156
0 30166 1 0 0 25584 30338 0
0 30417 0 0 0 30639 30414 26688
0 8476 0 0 0 1908 0 23771
0 30166 1 0 0 30254 30323 0
0 27091 0 0 0 30432 30209 30417
0 30164 1 0 0 10492 0 2446
0 25934 0 0 0 25727 27736 30417
0 18843 0 0 0 30597 30199 30689
0 1908 1 0 0 0 0 13397
0 30154 1 0 0 13031 29546 8436
0 29380 1 0 1 0 0 30194
0 30166 1 0 0 30450 30338 0
0 15084 0 0 0 2320 0 4611
0 625 0 0 0 28373 26656 30417
0 13842 1 0 0 0 0 30417
0 13853 0 0 0 7169 0 15670
0 30488 0 0 0 28373 30423 30417
0 6310 1 0 0 0 0 30164
0 19374 0 0 0 2222 30156 26506
0 30417 0 0 0 3630 9407 28540
0 10040 0 0 0 2441 30164 13910
0 75 0 0 0 26506 19374 30323
0 30154 1 0 0 25497 28560 26960
0 15084 0 0 0 13910 30164 15670
0 30166 1 0 0 10826 29880 0
0 10303 0 0 0 11590 1908 10040
0 30166 1 0 0 25102 27148 0
0 30417 0 0 0 4136 28373 28373
0 30499 0 0 0 30322 30414 30417
0 75 0 0 0 24521 30209 30323
0 2001 0 0 0 28373 5799 30417
0 15155 0 0 0 28373 30323 30417
0 9407 1 0 0 0 0 12782
0 30323 0 0 0 30164 10040 28373
0 24784 1 1 0 30154 30414 30156
0 30166 1 0 0 26439 30156 0
0 2057 0 0 0 28373 28816 30417
0 7154 0 0 0 20199 2073 28331
0 30164 1 0 0 30172 30520 25660
0 9407 1 0 0 0 0 26889
0 30166 1 0 0 4726 30114 0
0 26041 0 0 0 30414 25934 30417
0 30417 0 0 0 26727 0 25452
0 15457 1 0 0 6807 0 5775
0 30203 0 0 0 30280 30323 30194
0 30499 0 0 0 10076 0 30417
0 30154 1 0 0 363 9796 12952
0 30164 1 0 0 30180 28699 30414
0 25362 1 1 0 30156 28537 30156
0 25362 1 1 0 30156 28537 30166
0 25362 1 1 0 30156 28537 30164
0 75 0 0 0 28057 28373 30417
0 30154 1 0 0 27146 26248 26052
0 9407 1 0 0 0 0 26688
0 3212 1 0 1 0 0 30417
0 26727 1 0 0 0 0 30417
0 6167 0 0 0 28373 30323 30417
0 6167 0 0 0 28373 30323 30425
0 30499 0 0 0 28373 30417 30417
0 9407 1 0 0 0 0 12117
0 3546 1 0 0 0 0 30417
0 8585 0 0 0 30323 14828 6428
0 9407 1 0 0 0 0 26439
0 1888 0 0 0 21732 0 30164
0 425 1 0 0 0 0 15037
0 28816 0 0 0 12117 9407 9945
0 30323 0 0 0 5621 30209 28373
0 9407 1 0 0 0 0 26563
0 30154 1 0 0 30363 30372 30445
0 30323 0 0 0 6996 2477 27215
0 30166 1 0 0 26041 28769 0
0 15244 0 0 0 19374 30520 30323
0 28373 0 0 0 30417 26041 26688
0 30166 1 0 0 30440 28373 0
0 30164 1 0 0 10003 21732 28373
0 13397 0 0 0 3033 2857 30520
0 26359 1 0 0 0 0 30417
0 30164 1 0 0 2754 0 30323
0 26293 0 0 0 22184 28816 26248
0 8680 1 0 0 0 0 2222
0 6428 0 0 0 3315 0 13910
0 13667 0 0 0 30520 26399 28373
0 8680 1 0 0 0 0 2286
0 30323 0 0 0 19377 18135 28373
0 30164 1 0 0 2754 0 30209
0 30166 1 0 0 30626 30216 0
0 30166 1 0 0 26627 30180 0
0 30417 0 0 0 26563 28373 28373
0 30722 0 0 0 1908 0 11590
0 15620 0 0 0 9407 0 30417
0 8680 1 0 0 0 0 2001
0 13922 0 0 0 6229 3241 11074
0 6058 0 0 0 6139 30209 30417
0 24857 0 0 0 30154 28345 30156
0 15670 0 0 0 15084 438 30209
0 8454 0 0 0 2446 30164 10040
0 14096 0 0 0 11019 30209 30164
0 14096 0 0 0 11019 30209 30166
0 3630 0 0 0 28373 30417 30417
0 30166 1 0 0 30330 10171 0
0 14337 1 0 0 0 0 6428
0 30722 0 0 0 1908 0 2824
0 21732 1 0 0 0 0 3967
0 14696 0 0 0 3033 2857 30520
0 4113 0 0 0 10171 21732 2446
0 28373 0 0 0 30423 25782 6167
0 30166 1 0 0 26237 28993 0
0 9407 1 0 0 0 0 27096
0 26041 0 0 0 26656 8734 30417
0 9407 1 0 0 0 0 9530
0 14500 0 0 0 13047 0 30164
0 30156 1 0 0 30632 30154 30166
0 995 0 0 0 2446 30164 28373
0 30166 1 0 0 30467 30358 0
0 6406 1 0 0 4551 4803 30166
0 30417 0 0 0 6167 28373 28373
0 12021 0 0 0 15084 438 10040
0 30323 0 0 0 30414 30254 24288
0 30166 1 0 0 25913 30414 0
0 30154 1 0 0 30172 30617 29229
0 75 0 0 0 20883 30209 26656
0 2222 0 0 0 1574 0 30722
0 10040 0 0 0 12021 15084 28373
0 30166 1 0 0 30465 30216 0
0 30166 1 0 0 30156 24858 0
0 30164 1 0 0 30180 24881 30209
0 15244 0 0 0 3807 30209 30323
0 28816 0 0 0 12117 28373 9945
0 30166 1 0 0 30243 27506 0
0 15670 0 0 0 1908 0 10040
0 30166 1 0 0 25817 26889 0
0 28928 1 0 0 30154 16483 30156
0 5646 0 0 0 1908 0 4113
0 30417 0 0 0 26041 6428 28373
0 28373 0 0 0 30417 18654 30280
0 26248 0 0 0 26293 5476 9506
0 28373 0 0 0 8923 26439 29880
0 3033 0 0 0 2857 30414 541
0 30166 1 0 0 27138 29215 0
0 30174 1 0 0 9297 0 438
0 30520 0 0 0 4889 10040 28373
0 12117 0 0 0 9407 0 28816
0 30166 1 0 0 30363 30711 0
0 13442 1 0 0 0 0 6428
0 1908 1 0 0 0 0 14528
0 10040 0 0 0 10303 4113 28373
0 30166 1 0 0 25203 30328 0
0 1908 1 0 0 0 0 14696
0 30156 1 0 0 30472 30154 30414
0 24827 1 0 0 30154 5885 66
0 277 1 0 1 30209 30323 30414
0 30164 1 0 0 30180 24881 30414
0 30417 0 0 0 30488 9407 28373
0 30166 1 0 0 23379 18843 0
0 30156 1 0 0 30472 30154 30164
0 30323 0 0 0 30499 26439 28373
0 30166 1 0 0 27076 30180 0
0 541 0 0 0 8476 1908 10040
0 438 1 0 0 0 0 15084
0 6280 1 0 0 0 0 28373
0 21732 1 0 0 0 0 30254
0 30209 0 0 0 2085 30520 20883
0 21732 1 0 0 0 0 30280
0 21732 1 0 0 0 0 30209
0 30323 0 0 0 30180 24881 28373
0 30379 0 0 0 4604 24827 648
0 30379 0 0 0 4604 24827 679
0 21732 1 0 0 0 0 30199
0 30299 0 0 0 30446 30323 30166
0 5285 0 0 0 28373 30520 30164
0 5285 0 0 0 28373 30520 30166
0 30154 1 0 0 30243 27701 29468
0 2556 0 0 0 10171 3102 30164
0 30166 1 0 0 30156 28928 0
0 30209 0 0 0 30164 30156 24624
0 15084 0 0 0 7169 0 12021
0 30164 1 0 0 30499 26439 30414
0 30164 1 0 0 7232 0 2446
0 14281 1 0 0 0 0 30417
0 2320 1 0 0 0 0 15084
0 21732 1 0 0 0 0 30301
0 1364 1 0 0 0 0 9654
0 21732 1 0 0 0 0 19374
0 5799 0 0 0 8476 2446 28373
0 3988 0 0 0 13853 438 10040
0 30722 0 0 0 1908 0 995
0 20883 0 0 0 30209 1923 75
0 30323 0 0 0 75 26506 25598
0 30164 1 0 0 15084 13910 2446
0 30499 0 0 0 26439 28245 30323
0 8436 1 0 0 30154 13031 30156
0 9407 1 0 0 0 0 75
0 9609 0 0 0 26729 30338 30166
0 9407 1 0 0 0 0 13853
0 26497 0 0 0 3033 8476 30323
0 30522 0 0 0 30164 30156 30571
0 21732 1 0 0 0 0 4600
0 12893 1 0 0 0 0 30417
0 10792 1 0 0 0 0 30417
0 26439 0 0 0 30323 10192 30499
0 30154 1 0 0 30295 30507 25991
0 30323 0 0 0 75 21995 28373
0 30417 0 0 0 27148 28373 28373
0 30156 1 0 0 29130 30154 30164
0 30156 1 0 0 29130 30154 30166
0 26497 0 0 0 3033 8476 30166
0 30417 0 0 0 75 28373 28373
0 28373 0 0 0 30417 25102 30280
0 9407 1 0 0 0 0 13390
0 1351 1 0 0 0 0 30417
0 12117 0 0 0 28414 28373 30417
0 4611 0 0 0 15084 2320 2375
0 1858 1 0 0 0 0 18453
0 30166 1 0 0 30194 29380 0
0 9407 1 0 0 0 0 13416
0 1908 1 0 0 0 0 8730
0 5285 0 0 0 28373 30520 30414
0 30166 1 0 0 30597 30711 0
0 21732 1 0 0 0 0 30699
0 30417 0 0 0 30597 30323 28373
0 2446 0 0 0 30164 30597 8476
0 2446 0 0 0 8877 0 12021
0 21732 1 0 0 0 0 30689
0 3814 0 0 0 26041 30338 30166
0 9945 0 0 0 30164 30156 2222
0 3988 0 0 0 13853 13910 10040
0 30166 1 0 0 30156 4549 0
0 21732 1 0 0 0 0 4840
0 15620 0 0 0 28373 30323 30417
0 9407 1 0 0 0 0 27524
0 7022 1 0 0 0 0 30164
0 4390 0 0 0 4852 0 8476
0 30417 0 0 0 30499 28373 29954
0 30417 0 0 0 2001 28373 27995
0 30154 1 0 0 28650 28358 28895
0 30254 0 0 0 21732 0 30164
0 28373 0 0 0 30323 12450 26041
0 30166 1 0 0 14729 30195 0
0 30166 1 0 0 30472 30417 0
0 18342 0 0 0 1908 0 30209
0 30166 1 0 0 25960 30507 0
0 9407 1 0 0 0 0 28769
0 21522 1 0 0 0 0 18654
0 10040 0 0 0 30520 5452 30417
0 30164 1 0 0 28650 26688 9945
0 625 0 0 0 28373 30323 30417
0 9407 1 0 0 0 0 28414
0 30417 0 0 0 10576 0 30209
0 1908 1 0 0 0 0 9877
0 10171 0 0 0 21732 0 8187
0 1908 1 0 0 0 0 15670
0 9407 1 0 0 0 0 28560
0 30166 1 0 0 30488 27026 0
0 8680 1 0 0 0 0 3478
0 30166 1 0 0 30472 30414 0
0 26041 0 0 0 30180 24881 30164
0 26041 0 0 0 30180 24881 30166
0 21091 0 0 0 2222 9945 30520
0 1308 0 0 0 194 30209 30417
0 4136 0 0 0 28769 28373 30166
0 2446 0 0 0 8877 0 11590
0 8877 1 0 0 0 0 30164
0 15204 1 0 0 0 0 30417
0 12147 0 0 0 2222 30597 28816
0 28373 0 0 0 30417 25518 30512
0 9407 1 0 0 0 0 28057
0 30417 0 0 0 2001 28373 28373
0 2223 0 0 0 30522 30164 2222
0 28373 0 0 0 30520 29757 5285
0 30499 0 0 0 28373 30423 30417
0 5396 1 0 0 0 0 30323
0 30209 0 0 0 2441 30164 75
0 30499 0 0 0 26916 28373 30417
0 5396 1 0 0 0 0 30209
0 6938 0 0 0 28373 3985 30417
0 1738 1 0 0 0 0 28373
0 19070 0 0 0 28373 1738 8355
0 29546 0 0 0 11507 6428 13031
0 2399 0 0 0 8476 1908 28373
0 30166 1 0 0 30201 30422 0
0 6428 0 0 0 30532 30597 30209
0 30166 1 0 0 26563 29609 0
0 26506 0 0 0 2085 30520 26656
0 6428 0 0 0 30514 2222 30209
0 10040 0 0 0 11590 2446 30209
0 26030 0 0 0 26439 28373 28373
0 8187 0 0 0 10171 21732 30164
0 30154 1 0 0 30440 30565 29640
0 25774 0 0 0 26087 30417 30488
0 28941 0 0 0 30338 30199 30414
0 23771 0 0 0 8476 1908 14696
0 18654 0 0 0 28373 30323 30417
0 1908 1 0 0 0 0 9153
0 661 0 0 0 30522 30164 30571
0 30166 1 0 0 24288 30323 0
0 26041 0 0 0 30180 24881 30414
0 639 1 0 0 0 0 30174
0 75 0 0 0 28373 995 30417
0 30166 1 0 0 26688 28740 0
0 26041 0 0 0 30180 24881 30323
0 268 0 0 0 438 0 15670
0 30417 0 0 0 19595 10040 28373
0 28941 0 0 0 30338 30199 30166
0 6428 0 0 0 3315 0 28373
0 30166 1 0 0 25102 30487 0
0 30154 1 0 0 30191 30617 29271
0 30166 1 0 0 27076 26988 0
0 75 0 0 0 9407 0 30417
0 4889 0 0 0 10040 27138 30520
0 30514 0 0 0 2222 30414 6428
0 30154 1 0 0 26731 28690 28993
0 30174 1 0 0 5775 0 21732
0 13416 0 0 0 28373 30417 30417
0 8654 1 0 0 0 0 15037
0 30209 0 0 0 1923 30520 75
0 3801 0 0 0 6428 7799 30417
0 11050 0 0 0 21732 0 30164
0 30330 0 0 0 30424 28373 30166
0 30154 1 0 0 30243 27701 16011
0 4136 0 0 0 28373 2073 30417
0 11019 1 0 1 30209 30323 4694
0 30488 0 0 0 25774 30180 30166
0 3241 1 0 0 0 0 6229
0 30417 0 0 0 26688 28373 30209
0 30166 1 0 0 30278 30565 0
0 30166 1 0 0 11400 28560 0
0 30571 0 0 0 30522 30164 28816
0 8476 0 0 0 1908 0 13397
0 6938 0 0 0 28373 6428 30417
0 28589 1 1 1 30164 30172 30154
0 30323 0 0 0 5436 26399 28373
0 30417 0 0 0 2258 28373 28373
0 18135 0 0 0 19377 30156 19377
0 4102 1 0 0 0 0 30164
0 8734 0 0 0 2222 30156 26656
0 15084 0 0 0 6194 30164 15670
0 29021 1 1 0 30520 30156 30154
0 13416 0 0 0 28373 5799 30417
0 28690 0 0 0 28613 30414 26731
0 30166 1 0 0 30597 30216 0
0 30166 1 0 0 26041 29579 0
0 30203 0 0 0 28381 28377 30154
0 10040 0 0 0 12021 2446 28373
0 30520 0 0 0 21091 2222 2085
0 30571 0 0 0 30522 30164 28373
0 30520 0 0 0 27736 2085 4021
0 30388 0 0 0 28373 30323 30216
0 9153 0 0 0 10040 30520 30323
0 4852 1 0 0 0 0 4390
0 30488 0 0 0 25774 30180 30323
0 30417 0 0 0 26688 28373 30467
0 26776 0 0 0 2073 26782 13390
0 12147 0 0 0 2085 30520 7535
0 21091 0 0 0 2222 7847 5116
0 30338 0 0 0 30199 30323 26041
0 30417 0 0 0 7055 0 13910
0 30417 0 0 0 14281 0 28373
0 30164 1 0 0 10003 1395 28373
0 9407 1 0 0 0 0 14899
0 17129 1 0 0 30154 19495 30156
0 30166 1 0 0 27995 28816 0
0 15084 0 0 0 9407 0 15670
0 30164 1 0 0 30172 28816 25660
0 26041 0 0 0 30323 15084 30417
0 7585 0 0 0 28373 21732 30417
0 30164 1 0 0 30597 30199 28373
0 2057 0 0 0 30323 30164 30520
0 12198 1 0 0 0 0 30423
0 2215 0 0 0 30154 28327 30156
0 30166 1 0 0 4396 4611 0
0 11019 1 0 1 30209 30323 14096
0 30166 1 0 0 30597 30605 0
0 30323 0 0 0 75 30209 25598
0 30154 1 0 0 3305 25261 16420
0 30154 1 0 0 27357 29312 28188
0 30166 1 0 0 25594 29656 0
0 30166 1 0 0 18342 4611 0
0 30514 0 0 0 2085 5060 6428
0 30414 0 0 0 26620 25422 30639
0 30166 1 0 0 2001 10171 0
0 30414 0 0 0 30164 30597 28373
0 28816 0 0 0 12117 28414 9945
0 30209 0 0 0 30164 30156 25518
0 30166 1 0 0 27148 30189 0
0 30499 0 0 0 28373 484 30417
0 9657 1 0 0 0 0 30417
0 28560 0 0 0 6325 2125 11400
0 30154 1 0 0 30295 30507 26938
0 4350 1 0 0 0 0 28373
0 30323 0 0 0 13585 30164 30209
0 2446 0 0 0 30164 4113 11590
0 28373 0 0 0 30417 30499 30280
0 14567 0 0 0 2446 30164 30520
0 30424 0 0 0 28373 30323 30330
0 29229 1 1 1 30154 30172 30156
0 2754 1 0 0 0 0 30164
0 30323 0 0 0 75 26506 28373
0 30417 0 0 0 26041 30323 28373
0 30323 0 0 0 9153 26399 28373
0 30467 0 0 0 13910 30417 30166
0 30166 1 0 0 30597 30494 0
0 28373 0 0 0 30417 30499 30472
0 30323 0 0 0 30414 24288 30254
0 3305 0 0 0 25261 24812 30154
0 94 0 0 0 30571 661 30323
0 9407 1 0 0 0 0 15252
0 9407 1 0 0 0 0 15244
0 30488 0 0 0 25774 26087 26399
0 12342 1 0 0 0 0 30164
0 21091 0 0 0 2222 30164 30520
0 28560 0 0 0 30414 30411 13390
0 9153 0 0 0 1908 0 10040
0 30323 0 0 0 75 24521 28373
0 12147 0 0 0 2085 30520 28816
0 28373 0 0 0 30417 6938 30472
0 9407 1 0 0 0 0 15026
0 9407 1 0 0 0 0 29626
0 2824 0 0 0 26399 30164 30520
0 30323 0 0 0 27099 28540 30465
0 9407 1 0 0 0 0 15084
0 28329 1 0 0 0 0 22382
0 28373 0 0 0 30417 26041 28560
0 2286 0 0 0 8680 0 10040
0 13853 0 0 0 438 0 12021
0 30486 0 0 0 10040 28650 30520
0 25934 0 0 0 25727 28373 30417
0 9407 1 0 0 0 0 29380
0 298 1 0 0 30154 24813 30156
0 30423 0 0 0 25782 2222 28373
0 30323 0 0 0 28896 30209 9945
0 25261 0 0 0 4070 25266 3305
0 30154 1 0 0 28650 25452 24858
0 30338 0 0 0 30199 26656 26041
0 30166 1 0 0 5592 12188 0
0 24886 0 0 0 25422 28373 25996
0 30417 0 0 0 6167 28373 4946
0 8476 0 0 0 1908 0 12910
0 13824 1 0 0 0 0 21134
0 30166 1 0 0 26600 25452 0
0 8680 1 0 0 0 0 4113
0 9407 1 0 0 0 0 29275
0 30166 1 0 0 30488 28769 0
0 25774 0 0 0 26087 28373 30488
0 10040 0 0 0 15670 268 28373
0 26506 0 0 0 19374 11931 75
0 26041 0 0 0 28373 30423 30417
0 30166 1 0 0 25248 2222 0
0 30499 0 0 0 24339 10040 30417
0 26399 0 0 0 425 0 2315
0 30166 1 0 0 26600 27026 0
0 30597 0 0 0 28373 5672 4611
0 2857 0 0 0 1574 0 3033
0 28322 1 1 0 30154 494 30156
0 30417 0 0 0 19595 30164 28373
0 13920 1 0 0 0 0 30417
0 12880 1 0 0 0 0 30164
0 4803 1 1 0 8510 0 4551
0 30166 1 0 0 995 4611 0
0 15084 0 0 0 7169 0 15670
0 30164 1 0 0 30273 30172 28589
0 29271 1 0 1 30154 30191 30156
0 2446 0 0 0 8877 0 1832
0 30323 0 0 0 30164 30414 4840
0 30323 0 0 0 8644 5060 28373
0 30154 1 0 0 25660 30164 28537
0 12155 1 0 0 0 0 28373
0 25934 0 0 0 25727 25516 30417
0 30174 1 0 0 5775 0 9407
0 16058 1 0 1 30154 3305 30156
0 8476 0 0 0 1908 0 14696
0 30417 0 0 0 30488 28373 30209
0 30565 1 0 1 29781 0 30363
0 28373 0 0 0 30417 26968 30280
0 30156 1 0 0 26867 30154 30164
0 6938 0 0 0 28373 30423 30417
0 10539 0 0 0 28373 1738 30417
0 12095 0 0 0 30323 28816 10614
0 30166 1 0 0 4549 30164 0
0 30166 1 0 0 28780 30180 0
0 30166 1 0 0 28745 28946 0
0 267 1 0 0 0 0 30417
0 27148 0 0 0 30323 30499 30520
0 30520 0 0 0 541 3033 2085
0 28373 0 0 0 30417 30597 30424
0 11590 0 0 0 15084 7169 10040
0 30425 0 0 0 6167 28373 7585
0 30520 0 0 0 2824 26399 2085
0 26656 0 0 0 8734 2222 28373
0 13679 0 0 0 1858 0 28373
0 30417 0 0 0 2207 28373 28373
0 29175 1 0 0 30154 30194 30156
0 10040 0 0 0 10303 11590 28373
0 28373 0 0 0 1738 0 19070
0 30166 1 0 0 26563 30472 0
0 23272 1 0 0 30154 21166 30156
0 2001 0 0 0 2315 30425 30423
0 30166 1 0 0 18342 3033 0
0 2001 0 0 0 2315 2850 30166
0 30166 1 0 0 9182 8793 0
0 30164 1 0 0 7022 0 2446
0 30154 1 0 0 28650 29066 27881
0 7169 1 0 0 0 0 2456
0 13910 0 0 0 30417 30499 30467
0 15670 0 0 0 15084 6194 10040
0 15084 0 0 0 438 0 4762
0 30166 1 0 0 30597 30344 0
0 30164 1 0 0 25584 30164 30414
0 30164 1 0 0 30597 30199 2441
0 30164 1 0 0 30597 30199 2446
0 2001 0 0 0 2315 2850 30423
0 8476 0 0 0 1908 0 28514
0 30520 0 0 0 541 26399 2085
0 30166 1 0 0 30156 30180 0
0 30323 0 0 0 10270 2222 28373
0 12021 0 0 0 2446 30164 10040
0 3630 0 0 0 30209 30417 30417
0 14510 0 0 0 30425 14124 25366
0 15244 0 0 0 19374 28816 30323
0 13031 0 0 0 29546 11507 30154
0 9249 1 0 0 0 0 30417
0 30417 0 0 0 12518 28373 28373
0 30209 0 0 0 30164 30156 26688
0 30166 1 0 0 27148 30424 0
0 14389 1 0 0 0 0 30499
0 30166 1 0 0 25102 10171 0
0 30166 1 0 0 2723 2222 0
0 8860 1 0 0 0 0 30164
0 10492 1 0 0 0 0 30164
0 20172 1 0 0 133 30164 28322
0 12674 1 0 0 0 0 30417
0 1908 1 0 0 0 0 18342
0 9407 1 0 0 0 0 15537
0 1908 1 0 0 0 0 18453
0 30166 1 0 0 30194 30203 0
0 30166 1 0 0 14845 28613 0
0 9407 1 0 0 0 0 15620
0 10040 0 0 0 2441 30164 28373
0 27148 0 0 0 30323 30597 30520
0 30323 0 0 0 10786 0 28373
0 30520 0 0 0 2057 30323 28373
0 30166 1 0 0 29757 25452 0
0 15084 0 0 0 438 0 3988
0 30417 0 0 0 25025 19070 28373
0 16094 1 1 0 18923 13265 5167
0 995 0 0 0 8476 1908 28373
0 30417 0 0 0 26727 0 28373
0 25345 0 0 0 28373 10040 30417
0 6167 0 0 0 28373 10040 30417
0 30154 1 0 0 3305 25261 16058
0 22235 0 0 0 2222 30156 26656
0 11810 1 0 0 0 0 30164
0 30166 1 0 0 6938 26439 0
0 30323 0 0 0 75 2008 28373
0 30414 0 0 0 28329 27769 22895
0 30323 0 0 0 25577 2222 28373
0 5437 1 0 0 0 0 4390
0 2222 0 0 0 30180 24881 30209
0 30520 0 0 0 27736 4611 4021
0 30520 0 0 0 30486 9945 28373
0 30425 0 0 0 14124 6428 14510
0 28373 0 0 0 30417 26041 29579
0 30166 1 0 0 26237 113 0
0 23771 0 0 0 8476 1908 541
0 14899 0 0 0 9407 0 30417
0 30488 0 0 0 28769 28373 30417
0 24784 1 1 0 30164 30173 30164
0 26399 0 0 0 425 0 30209
0 12759 1 0 0 0 0 30164
0 14696 0 0 0 8476 1908 10040
0 13390 0 0 0 26776 8091 30417
0 12055 1 0 0 0 0 30164
0 8680 1 0 0 0 0 5060
0 3955 1 0 0 0 0 30164
0 30417 0 0 0 29757 25452 24881
0 30597 0 0 0 28373 30417 30166
0 4815 1 0 0 0 0 30417
0 30164 1 0 0 25175 30164 30414
0 75 0 0 0 30209 15670 26656
0 4840 0 0 0 30323 30164 30164
0 30417 0 0 0 18654 28769 28373
0 30166 1 0 0 30156 28560 0
0 679 1 1 0 30379 4604 30156
0 30166 1 0 0 25376 25774 0
0 4396 0 0 0 2446 30164 28373
0 30166 1 0 0 30385 30280 0
0 30199 1 0 0 0 0 30338
0 28373 0 0 0 5799 8476 2001
0 6428 0 0 0 30689 30323 29841
0 30164 1 0 0 8860 0 2446
0 13853 0 0 0 438 0 11590
0 30520 0 0 0 26399 1952 13667
0 30166 1 0 0 28331 25497 0
0 21732 1 0 0 0 0 7129
0 131 0 0 0 30154 30174 30156
0 30166 1 0 0 2001 2315 0
0 21732 1 0 0 0 0 7702
0 14528 0 0 0 1908 0 10040
0 30424 0 0 0 28373 30417 27148
0 30417 0 0 0 10612 0 30209
0 30280 0 0 0 28373 30417 30203
0 25774 0 0 0 28373 30164 30417
0 26656 0 0 0 26627 25774 28373
0 30414 0 0 0 28941 30338 25584
0 30243 0 0 0 27701 5118 30154
0 30617 0 0 0 30194 30363 30191
0 30617 0 0 0 30194 30363 30172
0 3630 0 0 0 9407 0 30417
0 30417 0 0 0 23239 10270 28373
0 3988 0 0 0 15084 7169 10040
0 11947 0 0 0 3033 8476 30323
0 30425 0 0 0 19595 30417 7658
0 18342 0 0 0 2446 30164 30209
0 19377 0 0 0 18135 19377 19070
0 13888 0 0 0 28373 30323 30417
0 12450 0 0 0 15037 10040 30323
0 30166 1 0 0 9153 26399 0
0 13888 0 0 0 28373 30323 30166
0 30417 0 0 0 26041 10040 28373
0 30417 0 0 0 30488 25774 28373
0 10003 0 0 0 30323 30164 30520
0 8923 0 0 0 26439 28601 28373
0 66 1 0 0 24827 30154 1692
0 7967 1 0 0 30154 26176 30156
0 13429 0 0 0 21732 0 30164
0 30166 1 0 0 26041 8669 0
0 26293 0 0 0 22184 30323 26248
0 30166 1 0 0 28993 28816 0
0 2258 0 0 0 9407 0 30417
0 30154 1 0 0 28372 25503 30172
0 30166 1 0 0 12144 30520 0
0 2222 0 0 0 9945 30164 30209
0 30154 1 0 0 30597 30444 30233
0 19377 0 0 0 18135 19377 30209
0 15670 0 0 0 13853 7169 10040
0 19377 0 0 0 18135 19377 30323
0 30166 1 0 0 25584 30516 0
0 30520 0 0 0 15002 2222 2085
0 3033 0 0 0 23771 2857 541
0 10040 0 0 0 11590 1908 28373
0 25503 1 1 1 30164 30273 28372
0 30156 1 0 0 25559 30154 28345
0 30164 1 0 0 26423 30164 30414
0 30166 1 0 0 26688 29175 0
0 30166 1 0 0 25376 26041 0
0 13853 0 0 0 438 0 15037
0 11590 0 0 0 15084 438 10040
0 19377 0 0 0 18135 19377 19374
0 30166 1 0 0 26041 26563 0
0 30166 1 0 0 18863 28245 0
0 30166 1 0 0 28560 28373 0
0 10040 0 0 0 2824 1908 28373
0 30338 0 0 0 30417 6058 30587
0 12450 0 0 0 2085 9710 30323
0 30166 1 0 0 30597 30230 0
0 541 0 0 0 8476 4390 10040
0 10539 0 0 0 28373 30423 30417
0 27736 0 0 0 2085 15712 30520
0 541 0 0 0 3033 8476 30520
0 30432 0 0 0 30209 30164 27091
0 28373 0 0 0 30323 12450 29880
0 7169 1 0 0 0 0 4390
0 8734 0 0 0 30571 2222 26656
0 30417 0 0 0 30499 26656 28373
0 13397 0 0 0 2085 15712 30520
0 30166 1 0 0 30299 30446 0
0 25422 0 0 0 28373 30323 24886
0 7629 0 0 0 28373 30323 30417
0 9180 0 0 0 1858 0 28373
0 9819 1 0 0 0 0 30174
0 11792 1 0 0 0 0 30417
0 3985 0 0 0 30571 26399 28816
0 30164 1 0 0 25305 30323 28816
0 30154 1 0 0 30180 28699 24881
0 2477 0 0 0 14728 28359 6996
0 8680 1 0 0 0 0 6938
0 1952 0 0 0 25577 28373 30164
0 30164 1 0 0 11813 28327 28373
0 30499 0 0 0 30417 4136 30417
0 10309 0 0 0 438 0 15670
0 30417 0 0 0 26041 30414 28373
0 30166 1 0 0 27036 26591 0
0 19374 0 0 0 2085 5060 26506
0 30243 0 0 0 9668 0 30154
0 30488 0 0 0 25774 28373 30417
0 27091 0 0 0 19374 30164 30417
0 24955 0 0 0 21732 0 30520
0 30597 0 0 0 4350 0 4611
0 30164 1 0 0 8355 19070 28373
0 30164 1 0 0 2057 21732 28373
0 30156 1 0 0 25559 30154 3114
0 30417 0 0 0 6938 28373 23379
0 13853 0 0 0 13910 30164 15670
0 438 1 0 0 0 0 30597
0 4113 0 0 0 10171 21732 30164
0 8476 0 0 0 1908 0 541
0 30164 1 0 0 12055 0 28373
0 30166 1 0 0 3596 26193 0
0 30166 1 0 0 30156 20155 0
0 30173 1 1 0 30154 28327 30156
0 30597 0 0 0 13910 30323 30164
0 30597 0 0 0 13910 30323 30166
0 5799 0 0 0 2446 30164 10535
0 10539 0 0 0 28414 28373 26656
0 30164 1 0 0 30180 24881 9945
0 30166 1 0 0 30499 26439 0
0 6428 0 0 0 30514 26399 30209
0 6830 0 0 0 9407 0 30417
0 8476 0 0 0 1908 0 995
0 30156 1 0 0 30180 24881 2222
0 30154 1 0 0 30440 26762 29297
0 26248 0 0 0 26293 5476 27146
0 30166 1 0 0 30571 661 0
0 6428 0 0 0 30597 30199 28373
0 30417 0 0 0 30499 28373 30209
0 30417 0 0 0 1308 194 28373
0 19374 0 0 0 1923 30520 26506
0 28373 0 0 0 18843 26688 28895
0 26688 0 0 0 26439 30417 30166
0 30166 1 0 0 30156 28188 0
0 30166 1 0 0 28367 25659 0
0 8680 1 0 0 0 0 8187
0 1822 0 0 0 30164 27138 19377
0 30417 0 0 0 30499 28373 30467
0 26439 0 0 0 30417 4136 26688
0 30166 1 0 0 30236 30012 0
0 30164 1 0 0 30488 26563 30414
0 30520 0 0 0 2824 26399 10623
0 25452 0 0 0 30323 30488 30175
0 30166 1 0 0 10835 14669 0
0 26041 0 0 0 30338 30199 28816
0 30499 0 0 0 26439 26193 30323
0 30499 0 0 0 28373 30520 30417
0 13265 1 0 0 14555 30154 18923
0 30166 1 0 0 25996 24886 0
0 30166 1 0 0 14096 11019 0
0 30166 1 0 0 6033 30189 0
0 3630 0 0 0 28329 0 30417
0 28373 0 0 0 26656 26627 26688
0 28373 0 0 0 30417 25376 30280
0 30166 1 0 0 29176 30323 0
0 30166 1 0 0 30156 30597 0
0 30166 1 0 0 30597 30227 0
0 30166 1 0 0 30499 30411 0
0 2441 0 0 0 30164 30597 10040
0 28601 0 0 0 30209 30417 25478
0 30154 1 0 0 28745 28946 28993
0 28769 0 0 0 28373 2073 4136
0 30166 1 0 0 25584 30647 0
0 12706 1 0 0 0 0 30417
0 30166 1 0 0 28367 30173 0
0 29468 1 0 0 30154 14729 30156
0 30156 1 0 0 24858 30154 30164
0 30156 1 0 0 24858 30154 30166
0 2320 1 0 0 0 0 30520
0 26041 0 0 0 21522 0 30417
0 9401 0 0 0 2073 30164 30323
0 2258 0 0 0 28373 28816 30417
0 4470 1 0 0 0 0 30499
0 28381 0 0 0 28377 24335 30203
0 30154 1 0 0 26244 30317 25013
0 30164 1 0 0 24784 30164 24790
0 30166 1 0 0 28245 30417 0
0 30424 0 0 0 28373 14669 27148
0 10303 0 0 0 4113 1908 10040
0 30166 1 0 0 25025 26094 0
0 30166 1 0 0 9609 26729 0
0 30323 0 0 0 12450 15037 28373
0 28373 0 0 0 30520 14035 5285
0 10040 0 0 0 2824 8476 28373
0 8176 0 0 0 2446 30164 28373
0 28946 1 1 1 28613 6428 28745
0 30166 1 0 0 30597 30363 0
0 8510 1 0 0 0 0 4782
0 24562 1 0 0 0 0 25934
0 8510 1 0 0 0 0 4803
0 10670 0 0 0 30571 2857 3033
0 8793 0 0 0 3967 30323 9506
0 28816 0 0 0 12147 2222 30209
0 2446 0 0 0 8877 0 4113
0 30164 1 0 0 7232 0 6194
0 30417 0 0 0 25376 25774 28373
0 30499 0 0 0 2808 30520 30417
0 66 1 0 0 24827 30154 648
0 66 1 0 0 24827 30154 679
0 30338 0 0 0 28373 12847 26729
0 22235 0 0 0 19374 11931 75
0 30154 1 0 0 30440 30183 26470
0 10040 0 0 0 10234 1908 28373
0 30154 1 0 0 27099 28540 28424
0 30323 0 0 0 10270 30164 28373
0 30520 0 0 0 2057 21732 28373
0 30520 0 0 0 30153 24787 28373
0 30156 1 0 0 24858 30154 30417
0 30302 0 0 0 30209 30417 30417
0 4113 0 0 0 5646 1908 10040
0 4136 0 0 0 28373 30323 30417
0 15344 1 0 0 0 0 30417
0 28373 0 0 0 30323 30597 6167
0 22628 1 0 0 0 0 5051
0 30414 0 0 0 24288 30323 30323
0 30166 1 0 0 30488 25497 0
0 15351 0 0 0 2085 30571 28816
0 30154 1 0 0 25323 30639 26867
0 28245 1 1 1 30154 30172 30156
0 30323 0 0 0 26688 26439 30280
0 30164 1 0 0 7232 0 13910
0 10040 0 0 0 30520 5452 9153
0 30164 1 0 0 10492 0 28373
0 15002 0 0 0 2222 30414 30520
0 1908 1 0 0 0 0 30722
0 27148 0 0 0 30424 28373 30166
0 393 0 0 0 3033 2857 30520
0 30166 1 0 0 26729 27984 0
0 30194 0 0 0 29380 30417 30154
0 9407 1 0 0 0 0 18654
0 30203 0 0 0 29781 0 30194
0 28373 0 0 0 30323 11947 18654
0 25026 0 0 0 9407 0 30417
0 30164 1 0 0 30597 30180 30414
0 2258 0 0 0 14330 30323 30520
0 30164 1 0 0 30597 30180 30522
0 2446 0 0 0 30164 4113 12021
0 6167 0 0 0 9407 0 30417
0 1365 1 0 0 0 0 9401
0 30323 0 0 0 28650 26688 28373
0 30597 0 0 0 28373 30417 6428
0 30417 0 0 0 6167 28373 30209
0 820 1 0 0 0 0 30164
0 30323 0 0 0 18342 4611 28373
0 25934 0 0 0 25727 6760 30417
0 30370 0 0 0 30597 30199 6428
0 30166 1 0 0 30617 30338 0
0 30164 1 0 0 25110 30164 22926
0 30154 1 0 0 28589 30164 28537
0 30166 1 0 0 29215 30338 0
0 648 1 1 0 66 24827 30156
0 15670 0 0 0 15084 9407 10040
0 5922 1 0 0 0 0 30417
0 30323 0 0 0 75 3577 28373
0 5285 0 0 0 28373 30323 30417
0 3728 0 0 0 28373 13770 10040
0 30417 0 0 0 26968 26563 28373
0 30166 1 0 0 30156 1692 0
0 30417 0 0 0 7055 0 28373
0 21091 0 0 0 15037 9945 30520
0 1822 0 0 0 27138 26688 19377
0 28373 0 0 0 30417 25800 30280
0 30417 0 0 0 7702 30164 9945
0 5285 0 0 0 28373 30323 30164
0 5285 0 0 0 28373 30323 30166
0 5691 0 0 0 19377 30164 28816
0 8454 0 0 0 1908 0 10040
0 30417 0 0 0 18654 28373 26439
0 30417 0 0 0 6167 28373 19374
0 30323 0 0 0 30597 30199 27148
0 10040 0 0 0 30414 30164 10171
0 26293 0 0 0 22184 30414 26248
0 8476 0 0 0 2446 30164 995
0 1908 1 0 0 0 0 995
0 30216 0 0 0 30388 28373 30417
0 28560 0 0 0 28373 2073 4136
0 6167 0 0 0 28373 8753 30417
0 541 0 0 0 3033 2857 10040
0 16514 1 0 0 0 0 30417
0 3988 0 0 0 10309 438 10040
0 1574 1 0 0 0 0 2222
0 30166 1 0 0 30180 24881 0
0 29757 0 0 0 25452 30414 30417
0 30164 1 0 0 26867 30164 30414
0 5775 1 0 0 15457 6807 30174
0 2057 0 0 0 28373 30164 30417
0 28769 0 0 0 28373 30323 18654
0 25577 0 0 0 9407 0 1952
0 14555 1 0 0 30154 0 13265
0 1574 1 0 0 0 0 2857
0 1287 0 0 0 28373 6428 30417
0 75 0 0 0 20883 30209 30323
0 6807 1 0 0 15457 4276 30174
0 25261 0 0 0 4467 27074 3305
0 13047 1 0 0 0 0 14500
0 5079 1 0 0 0 0 30417
0 10040 0 0 0 2824 26399 28373
0 30166 1 0 0 25102 30265 0
0 4726 0 0 0 30114 30323 30166
0 30417 0 0 0 25102 30265 28373
0 30499 0 0 0 26439 30417 30166
0 30194 0 0 0 30203 29781 30617
0 12021 0 0 0 15084 7169 10040
0 7179 0 0 0 28373 30323 30417
0 30520 0 0 0 10003 30323 28373
0 30499 0 0 0 26439 30417 30323
0 30166 1 0 0 2399 4611 0
0 25556 1 1 1 30154 29021 30156
0 30417 0 0 0 7988 28373 28373
0 30338 0 0 0 7702 30323 30587
0 3988 0 0 0 13853 9407 10040
0 30166 1 0 0 26968 10171 0
0 30417 0 0 0 1229 28373 30209
0 12023 0 0 0 19377 30164 28816
0 13390 0 0 0 9407 0 30417
0 541 0 0 0 8476 2446 10040
0 2446 0 0 0 30164 1952 5799
0 30172 1 1 0 30154 10040 30156
0 8476 0 0 0 2446 30164 541
0 30154 1 0 0 28458 29066 29130
0 30164 1 0 0 25106 30164 30414
0 25934 0 0 0 25727 9208 30417
0 25683 1 1 0 28359 30417 28360
0 2446 0 0 0 1952 10171 8476
0 30423 0 0 0 25782 26399 28373
0 30651 1 0 1 3027 30154 8340
0 30417 0 0 0 23239 20189 28373
0 30156 1 0 0 298 30154 261
0 30166 1 0 0 26439 30472 0
0 1395 1 0 0 0 0 10003
0 26041 0 0 0 28373 30520 30417
0 6469 0 0 0 30164 30597 10040
0 30166 1 0 0 30175 25452 0
0 15670 0 0 0 13853 438 30209
0 9072 0 0 0 30571 661 28373
0 30166 1 0 0 13888 28373 0
0 9506 0 0 0 26248 26293 14696
0 30154 1 0 0 494 30156 24790
0 29704 0 0 0 28373 30323 30414
0 28373 0 0 0 995 8476 2001
0 21732 1 0 0 0 0 10003
0 26506 0 0 0 2085 30520 30323
0 30164 1 0 0 29201 30338 9945
0 26688 0 0 0 28373 30323 30417
0 2085 0 0 0 30520 6996 12147
0 30417 0 0 0 6668 0 28373
0 6058 0 0 0 30209 30417 30417
0 30417 0 0 0 30499 26916 28373
0 15670 0 0 0 268 438 10040
0 5476 1 0 0 0 0 26293
0 2001 0 0 0 28373 30164 30417
0 28896 0 0 0 30209 19377 30330
0 12021 0 0 0 13853 438 10040
0 75 0 0 0 28373 13667 30417
0 12021 0 0 0 15084 13910 10040
0 30156 1 0 0 29297 30154 30323
0 30154 1 0 0 30172 28560 25769
0 21732 1 0 0 0 0 24288
0 9407 1 0 0 0 0 30338
0 25017 0 0 0 9407 0 2001
0 13390 0 0 0 26776 2073 30323
0 9407 1 0 0 0 0 30281
0 9407 1 0 0 0 0 30280
0 30417 0 0 0 26041 30164 28373
0 26506 0 0 0 19374 1923 75
0 9407 1 0 0 0 0 30499
0 9407 1 0 0 0 0 30488
0 9407 1 0 0 0 0 30472
0 5436 0 0 0 30571 26399 30323
0 30166 1 0 0 30440 28540 0
0 30417 0 0 0 6938 28188 26321
0 30323 0 0 0 26627 25774 28373
0 30156 1 0 0 28188 30154 30164
0 30156 1 0 0 28188 30154 30166
0 30417 0 0 0 27035 26047 28373
0 8476 0 0 0 2446 30164 4017
0 30417 0 0 0 29880 28373 28373
0 30164 1 0 0 7232 0 28373
0 30166 1 0 0 26600 26927 0
0 5689 1 0 0 0 0 30164
0 26201 1 0 0 30154 28329 30156
0 1952 0 0 0 25577 28373 2446
0 30639 0 0 0 30414 26620 30417
0 30166 1 0 0 30488 26563 0
0 2057 0 0 0 21732 0 30520
0 6938 0 0 0 28373 30520 30417
0 11849 0 0 0 28373 30323 30417
0 1574 1 0 0 0 0 26399
0 25774 0 0 0 30180 24881 30488
0 30172 1 1 0 30617 30194 30166
0 30172 1 1 0 30617 30194 30154
0 21732 1 0 0 0 0 10171
0 23379 0 0 0 18843 30597 30166
0 30166 1 0 0 30499 28560 0
0 9407 1 0 0 0 0 19070
0 30166 1 0 0 30465 30280 0
0 6428 0 0 0 6627 30597 28373
0 3102 1 0 0 0 0 10171
0 26041 0 0 0 30565 14669 30166
0 30689 0 0 0 18843 30597 6428
0 26439 0 0 0 30417 18654 30499
0 30166 1 0 0 30626 30280 0
0 21732 1 0 0 0 0 24955
0 30166 1 0 0 9049 30588 0
0 30166 1 0 0 30488 25774 0
0 12450 0 0 0 28650 26688 30323
0 2057 0 0 0 21732 0 30164
0 30166 1 0 0 26563 28895 0
0 28360 1 0 0 324 7792 0
0 5990 1 0 0 0 0 30417
0 2446 0 0 0 30164 1952 995
0 30156 1 0 0 30180 24881 26041
0 4136 0 0 0 26776 30209 30417
0 15670 0 0 0 10309 438 10040
0 6938 0 0 0 26656 8734 30417
0 30164 1 0 0 2754 0 2223
0 30209 0 0 0 30520 30414 30460
0 30273 0 0 0 30172 30417 30164
0 7055 1 0 0 0 0 30417
0 1692 1 1 0 30379 4604 30156
0 267 1 0 0 0 0 20796
0 30154 1 0 0 30173 28259 30472
0 30417 0 0 0 19595 30164 9945
0 30323 0 0 0 75 30209 28373
0 15670 0 0 0 30414 30164 10040
0 26506 0 0 0 2085 5060 30323
0 30657 1 0 0 30154 30194 30156
0 15670 0 0 0 15084 13910 10040
0 30499 0 0 0 26439 30472 30166
0 30166 1 0 0 27078 27148 0
0 26439 0 0 0 28373 30417 26030
0 30154 1 0 0 30201 30422 30567
0 438 1 0 0 0 0 268
0 28373 0 0 0 30323 75 9660
0 30417 0 0 0 26968 18165 28373
0 26656 0 0 0 5424 2222 28373
0 30166 1 0 0 4726 12889 0
0 30338 0 0 0 10171 30323 29201
0 6428 0 0 0 2961 15037 28373
0 28373 0 0 0 30323 11947 9660
0 12823 1 0 0 0 0 30164
0 30323 0 0 0 9945 30164 87
0 28329 1 0 0 0 0 27435
0 15044 1 0 0 0 0 30417
0 25452 0 0 0 30414 25934 29757
0 30166 1 0 0 26041 26439 0
0 30166 1 0 0 25817 29175 0
0 25561 1 1 1 30154 29021 30156
0 30154 1 0 0 28331 25497 25557
0 30417 0 0 0 8540 0 28373
0 3402 1 0 0 0 0 26293
0 30166 1 0 0 30133 30323 0
0 30172 1 1 0 0 0 30164
0 15244 0 0 0 9407 0 30323
0 3402 1 0 0 0 0 26248
0 6428 0 0 0 2961 30164 28373
0 30164 1 0 0 10003 21732 30323
0 21995 0 0 0 30209 1923 75
0 10040 0 0 0 541 8476 28373
0 30164 1 0 0 30597 30199 30414
0 12782 0 0 0 9407 0 30417
0 3988 0 0 0 268 438 10040
0 94 0 0 0 30209 19377 30417
0 75 0 0 0 28373 5799 30417
0 30722 0 0 0 1908 0 9153
0 29626 0 0 0 30209 11931 75
0 5187 1 0 0 0 0 30243
0 30164 1 0 0 30597 30199 30522
0 30166 1 0 0 25248 3850 0
0 28946 1 1 1 28613 28816 28745
0 30387 1 0 0 30154 30363 30156
0 30164 1 0 0 10003 21732 30209
0 30166 1 0 0 30156 28993 0
0 30499 0 0 0 28373 26656 30417
0 27148 0 0 0 30323 30449 30520
0 6854 1 0 0 0 0 30164
0 30323 0 0 0 26782 2222 28373
0 30417 0 0 0 29757 25452 28373
0 28373 0 0 0 30520 4915 26688
0 30164 1 0 0 2754 0 2446
0 26731 0 0 0 28690 28613 30154
0 10303 0 0 0 12021 1908 10040
0 30166 1 0 0 3814 26041 0
0 12450 0 0 0 2085 5060 30323
0 18342 0 0 0 8476 1908 30209
0 25577 0 0 0 28373 30417 1952
0 30154 1 0 0 30597 30422 30595
0 5581 0 0 0 9407 0 28816
0 29626 0 0 0 30209 1923 75
0 30154 1 0 0 30597 30422 30632
0 18843 0 0 0 23239 20189 28373
0 3458 1 0 0 0 0 6428
0 26399 0 0 0 1952 10171 30520
0 9153 0 0 0 30722 26399 30323
0 14696 0 0 0 8476 4390 10040
0 30164 1 0 0 8860 0 6194
0 30166 1 0 0 25817 28245 0
0 30166 1 0 0 30180 28699 0
0 15084 0 0 0 9407 0 30417
0 10040 0 0 0 3988 13853 28373
0 1858 1 0 0 0 0 194
0 30166 1 0 0 27076 10171 0
0 28816 0 0 0 5581 30209 9945
0 13853 0 0 0 438 0 15670
0 30154 1 0 0 10614 12095 13734
0 11507 0 0 0 6428 30689 29546
0 4870 1 0 0 0 0 30164
0 30164 1 0 0 11813 28327 2223
0 25305 0 0 0 30323 30164 30164
0 30166 1 0 0 25203 28373 0
0 6194 0 0 0 30164 14500 15084
0 8476 0 0 0 1908 0 18342
0 8184 1 0 0 0 0 30164
0 30154 1 0 0 30194 29380 30657
0 14696 0 0 0 1908 0 10040
0 30154 1 0 0 9506 26248 3239
0 30166 1 0 0 30597 30386 0
0 30156 1 0 0 28245 30154 25242
0 30323 0 0 0 30499 26439 30199
0 30330 0 0 0 10171 30323 30166
0 10040 0 0 0 15670 13853 28373
0 3577 0 0 0 30414 30164 30499
0 28373 0 0 0 30323 75 27096
0 30166 1 0 0 21091 30571 0
0 10867 0 0 0 2085 30520 30166
0 2961 0 0 0 15037 15084 6428
0 30156 1 0 0 28245 30154 25817
0 30166 1 0 0 9506 26248 0
0 1631 1 0 0 0 0 30164
0 25774 0 0 0 30180 28699 30488
0 75 0 0 0 30209 8476 30323
0 30417 0 0 0 25518 30209 28373
0 2399 0 0 0 2446 30164 28373
0 5396 1 0 0 0 0 22184
0 30166 1 0 0 30597 28373 0
0 30166 1 0 0 30194 28373 0
0 28560 0 0 0 28373 30417 30166
0 30417 0 0 0 18654 28373 28373
0 25518 0 0 0 30209 30164 30417
0 30417 0 0 0 26094 30156 26688
0 28373 0 0 0 30417 26041 30472
0 30417 0 0 0 5581 28373 10914
0 30166 1 0 0 30156 28073 0
0 30166 1 0 0 13922 6229 0
0 30414 0 0 0 30273 30180 30191
0 2215 0 0 0 30154 30414 30156
0 30166 1 0 0 28560 25774 0
0 11590 0 0 0 5646 1908 10040
0 679 1 1 0 24798 24827 30156
0 30417 0 0 0 28650 25452 30449
0 30423 0 0 0 2001 2315 28373
0 28373 0 0 0 30417 26041 30280
0 541 0 0 0 23771 8476 10040
0 30323 0 0 0 30499 26439 30280
0 30154 1 0 0 19495 5434 17129
0 30425 0 0 0 7847 2850 2315
0 13910 0 0 0 30164 4102 15084
0 27024 1 1 1 30154 29021 30156
0 28373 0 0 0 30323 12450 18654
0 28188 1 0 0 30520 27148 30166
0 30598 0 0 0 21995 28373 30330
0 10076 1 0 0 0 0 30499
0 30363 0 0 0 30372 30697 30154
0 23599 0 0 0 28373 15037 30520
0 13922 0 0 0 6229 3241 30417
0 12021 0 0 0 2446 8877 10040
0 1952 0 0 0 1858 0 28373
0 29468 1 0 0 30154 30243 30156
0 30164 1 0 0 26635 30164 30414
0 26041 0 0 0 28769 28373 30417
0 13910 0 0 0 30417 6938 30467
0 28745 1 1 1 28946 28613 30414
0 30323 0 0 0 30571 30522 28373
0 28373 0 0 0 30417 25025 24881
0 6167 0 0 0 28373 30423 30417
0 10606 1 0 0 0 0 30417
0 30417 0 0 0 25025 30417 28373
0 9153 0 0 0 2446 30164 10040
0 30166 1 0 0 25934 25727 0
0 13910 0 0 0 30164 14500 268
0 30166 1 0 0 25584 30414 0
0 2824 0 0 0 26399 1574 10040
0 26041 0 0 0 30180 24881 26399
0 30166 1 0 0 25584 30417 0
0 30166 1 0 0 6519 2222 0
0 15670 0 0 0 15084 438 10040
0 1916 1 0 0 0 0 10171
0 28373 0 0 0 30417 27035 30338
0 30587 0 0 0 30338 7702 30166
0 995 0 0 0 8476 2446 28373
0 24288 0 0 0 30323 30414 30166
0 30166 1 0 0 29201 30565 0
0 30166 1 0 0 26041 30565 0
0 5430 1 0 0 0 0 30499
0 8476 0 0 0 2446 30164 5799
0 30166 1 0 0 25549 30156 0
0 28745 1 1 1 28946 28613 30154
0 28745 1 1 1 28946 28613 30166
0 15084 0 0 0 438 0 11590
0 12354 0 0 0 28373 4184 10040
0 30565 1 0 1 30280 30417 30363
0 15670 0 0 0 268 7169 10040
0 8680 1 0 0 0 0 94
0 30499 0 0 0 28373 30323 30417
0 1269 1 0 0 0 0 28373
0 8476 0 0 0 1908 0 30648
0 24858 0 0 0 30154 28560 30156
0 8680 1 0 0 0 0 12096
0 30417 0 0 0 30488 28769 28373
0 30164 1 0 0 30172 30164 25660
0 3415 0 0 0 30154 28327 30156
0 30520 0 0 0 2824 4611 2085
0 30411 1 0 0 28373 2073 4136
0 30166 1 0 0 28941 28324 0
0 30520 0 0 0 27148 30323 29407
0 30417 0 0 0 27096 28373 28373
0 28589 1 1 1 30164 30273 30154
0 30417 0 0 0 12518 28373 30209
0 30191 1 0 0 30617 30194 30154
0 30417 0 0 0 2096 0 28373
0 5646 0 0 0 1908 0 11590
0 26041 0 0 0 30520 9720 30417
0 75 0 0 0 2008 30209 30323
0 30173 1 1 0 30154 30414 30156
0 2824 0 0 0 1908 0 10040
0 30488 0 0 0 9407 0 30417
0 8476 0 0 0 1908 0 1424
0 30417 0 0 0 26041 28373 24881
0 8680 1 0 0 0 0 26458
0 2001 0 0 0 8680 0 2222
0 11479 0 0 0 9407 0 30417
0 8680 1 0 0 0 0 26399
0 30166 1 0 0 30570 30414 0
0 1832 0 0 0 2446 30164 28373
0 23599 0 0 0 28373 26656 10674
0 30164 1 0 0 11813 30164 28373
0 30417 0 0 0 24856 30209 28373
0 30417 0 0 0 26359 0 28373
0 30166 1 0 0 30273 30180 0
0 1858 1 0 0 0 0 1952
0 28373 0 0 0 30417 25518 25452
0 27148 0 0 0 30323 26041 30520
0 5799 0 0 0 2446 30164 28373
0 30488 0 0 0 28373 30164 30417
0 11590 0 0 0 30722 1908 10040
0 30166 1 0 0 26688 26439 0
0 8680 1 0 0 0 0 26041
0 13939 0 0 0 2222 1574 10040
0 3252 0 0 0 21134 30555 30154
0 28560 0 0 0 30414 30411 30499
0 268 0 0 0 438 0 3988
0 13853 0 0 0 7169 0 3988
0 1858 1 0 0 0 0 1590
0 3604 1 0 0 0 0 26656
0 26041 0 0 0 28373 26656 30417
0 30166 1 0 0 5158 16656 0
0 27091 0 0 0 24624 30209 30417
0 10040 0 0 0 3988 15084 28373
0 4113 0 0 0 2446 8877 10040
0 30520 0 0 0 30164 30414 30209
0 25261 0 0 0 24812 28816 3305
0 30166 1 0 0 7942 216 0
0 1858 1 0 0 0 0 1391
0 5167 1 0 0 16094 18923 30156
0 8680 1 0 0 0 0 25854
0 9657 1 0 0 0 0 8280
0 2290 0 0 0 30571 2222 30520
0 30323 0 0 0 12450 30467 30424
0 30499 0 0 0 26439 28601 30323
0 20883 0 0 0 30209 11931 75
0 8680 1 0 0 0 0 11095
0 30176 0 0 0 30417 9204 30565
0 30166 1 0 0 19097 28613 0
0 541 0 0 0 19377 30164 28816
0 4041 1 0 0 0 0 30164
0 28372 1 1 0 25503 30164 30154
0 30166 1 0 0 26439 28601 0
0 30499 0 0 0 28373 6428 30417
0 30166 1 0 0 27146 26248 0
0 30417 0 0 0 26727 0 30199
0 24521 0 0 0 30209 11931 75
0 26293 0 0 0 22184 30164 26248
0 28537 1 0 0 30154 25660 30156
0 30417 0 0 0 4815 0 28373
0 30520 0 0 0 26661 2085 28373
0 14423 1 1 0 30154 9049 30156
0 5775 1 0 0 0 0 30174
0 21732 1 0 0 0 0 12095
0 2446 0 0 0 30164 1952 8476
0 2096 1 0 0 0 0 30417
0 4017 0 0 0 8476 1908 30209
0 30166 1 0 0 10580 25870 0
0 26729 0 0 0 30338 28373 30166
0 26729 0 0 0 30338 28373 30164
0 8355 0 0 0 19070 28373 30164
0 30166 1 0 0 30499 30472 0
0 1908 1 0 0 0 0 1832
0 1952 0 0 0 10171 21732 30164
0 25871 0 0 0 30338 9528 30166
0 12450 0 0 0 2222 30164 30323
0 21134 0 0 0 30555 30417 3252
0 30166 1 0 0 30251 25870 0
0 30166 1 0 0 26041 30180 0
0 30166 1 0 0 28941 30338 0
0 30175 0 0 0 25452 30323 30417
0 30323 0 0 0 18342 3033 28373
0 30571 0 0 0 30522 30597 30323
0 30417 0 0 0 26041 28769 28373
0 25362 1 1 0 30156 28537 11400
0 18843 0 0 0 30597 30199 28373
0 30323 0 0 0 75 20883 28373
0 25774 0 0 0 9407 0 30417
0 30166 1 0 0 18135 19377 0
0 30164 1 0 0 2754 0 10171
0 4798 1 0 0 0 0 30417
0 30254 0 0 0 21732 0 26688
0 75 0 0 0 30209 2441 26656
0 3630 0 0 0 28373 30323 30417
0 28993 1 0 0 30154 28745 30156
0 30388 0 0 0 28373 18843 30216
0 30156 1 0 0 28928 30154 30166
0 30166 1 0 0 13390 30411 0
0 30166 1 0 0 24886 25422 0
0 1404 0 0 0 4762 2446 10040
0 8942 0 0 0 1858 0 10171
0 26656 0 0 0 26506 2222 28373
0 30166 1 0 0 30243 27701 0
0 18654 0 0 0 28373 30423 30417
0 30166 1 0 0 25584 30546 0
0 28373 0 0 0 30323 30164 6167
0 30323 0 0 0 30597 30199 28373
0 30166 1 0 0 30709 29201 0
0 30166 1 0 0 5592 5556 0
0 30423 0 0 0 12198 0 13910
0 30154 1 0 0 30180 26773 24881
0 28373 0 0 0 2222 8680 23599
0 30166 1 0 0 5436 26399 0
0 30166 1 0 0 30278 30338 0
0 25172 0 0 0 28414 30209 30417
0 3801 0 0 0 30520 5452 30417
0 30164 1 0 0 22926 30164 30414
0 30520 0 0 0 393 3033 2085
0 25559 1 1 1 30154 29021 30156
0 13416 0 0 0 9407 0 30417
0 15390 1 0 0 0 0 30164
0 3204 0 0 0 4611 2446 30520
0 28816 0 0 0 5581 9407 9945
0 9407 1 0 0 0 0 2001
0 30417 0 0 0 14899 9407 10171
0 30417 0 0 0 30499 9407 28373
0 30166 1 0 0 3596 30472 0
0 30166 1 0 0 10321 30323 0
0 10040 0 0 0 14696 8476 28373
0 9407 1 0 0 0 0 2057
0 2857 0 0 0 2223 30164 3033
0 30166 1 0 0 10614 12095 0
0 6938 0 0 0 6428 30514 30417
0 30518 1 0 0 30154 30363 30156
0 19377 0 0 0 30164 30597 18135
0 75 0 0 0 29626 30209 30323
0 30571 0 0 0 30522 30164 30323
0 8476 0 0 0 2446 30164 4396
0 26656 0 0 0 5424 2085 28373
0 3315 1 0 0 0 0 6428
0 9407 1 0 0 0 0 2258
0 30571 0 0 0 30522 30164 30417
0 12450 0 0 0 12117 28414 30323
0 30323 0 0 0 2824 4611 28373
0 30166 1 0 0 23379 30417 0
0 30520 0 0 0 27148 30323 28188
0 30166 1 0 0 30467 30001 0
0 30166 1 0 0 30499 30317 0
0 30164 1 0 0 30180 24881 26867
0 8476 0 0 0 1908 0 2399
0 30499 0 0 0 30322 28373 30417
0 4390 0 0 0 5437 0 8476
0 13430 0 0 0 26399 1952 30520
0 28373 0 0 0 30323 75 29880
0 2222 0 0 0 7847 30164 21091
0 4136 0 0 0 28373 30164 30417
0 30164 1 0 0 12055 0 2446
0 30166 1 0 0 23379 30414 0
0 3940 0 0 0 30571 661 5885
0 15457 1 0 0 4276 0 6807
0 2031 1 0 0 0 0 13910
0 12863 0 0 0 30571 4683 30520
0 10040 0 0 0 15670 15084 28373
0 30166 1 0 0 5691 4611 0
0 25305 0 0 0 30323 9401 30164
0 16011 1 0 0 30154 30243 30156
0 508 1 0 0 0 0 28373
0 10359 1 0 0 0 0 30417
0 30417 0 0 0 30499 30414 28373
0 10003 0 0 0 1395 0 30164
0 6229 0 0 0 3241 0 13922
0 8476 0 0 0 1908 0 2824
0 4604 0 0 0 24827 30154 30379
0 10040 0 0 0 28650 26688 30486
0 19374 0 0 0 30164 30156 27091
0 30414 0 0 0 26423 28373 26448
0 4762 0 0 0 1908 0 1404
0 25558 1 1 1 30154 29021 30156
0 30323 0 0 0 12450 27138 28373
0 6428 0 0 0 7799 4611 3801
0 4350 1 0 0 0 0 30597
0 30520 0 0 0 27148 30323 28373
0 28359 1 0 0 0 0 9407
0 30173 1 1 0 30154 24811 30156
0 30499 0 0 0 28373 6760 30417
0 30156 1 0 0 29036 30154 28740
0 28329 1 0 0 0 0 29277
0 30323 0 0 0 15244 19374 28373
0 30338 0 0 0 28373 30417 26729
0 30174 1 0 0 639 0 1908
0 10040 0 0 0 6469 30164 28373
0 30209 0 0 0 2222 30156 24624
0 30417 0 0 0 18153 30164 28373
0 15244 0 0 0 5751 30209 30323
0 11282 1 0 0 0 0 30164
0 12450 0 0 0 15037 9945 30323
0 21732 1 0 0 0 0 11050
0 5646 0 0 0 1908 0 12021
0 30174 1 0 0 639 0 1858
0 30414 0 0 0 25934 25727 26041
0 6229 0 0 0 3241 28816 13922
0 26293 0 0 0 5476 0 26248
0 1858 1 0 0 0 0 2699
0 30322 0 0 0 28373 30423 30417
0 27096 0 0 0 28373 30520 30417
0 29411 0 0 0 30571 4611 28816
0 194 0 0 0 1858 0 2699
0 30414 0 0 0 30424 30323 30189
0 6428 0 0 0 30532 29388 30209
0 30166 1 0 0 22133 30338 0
0 30689 0 0 0 18843 30582 6428
0 30363 0 0 0 30565 29781 30194
0 30209 0 0 0 30520 30164 30460
0 30164 1 0 0 30278 30338 30414
0 22334 1 0 0 0 0 30417
0 1952 0 0 0 10171 30417 26399
0 30166 1 0 0 30597 30515 0
0 15244 0 0 0 19374 30414 30323
0 10507 0 0 0 30209 19377 30417
0 6475 1 0 0 0 0 13910
0 30417 0 0 0 30499 30164 28373
0 13853 0 0 0 9407 0 3988
0 12095 0 0 0 30323 30414 10614
0 2057 0 0 0 9407 0 30417
0 30164 1 0 0 30254 30323 30414
0 30546 0 0 0 30417 6938 25584
0 6167 0 0 0 28373 14696 30417
0 30156 1 0 0 29468 30154 30164
0 5581 0 0 0 28414 28373 30417
0 6058 0 0 0 30209 6428 30417
0 30166 1 0 0 25376 26348 0
0 2824 0 0 0 8476 1908 10040
0 30166 1 0 0 26688 30417 0
0 30166 1 0 0 26688 8669 0
0 18654 0 0 0 28373 30417 30417
0 30154 1 0 0 30440 28540 28424
0 30488 0 0 0 25774 26087 30166
0 30488 0 0 0 25774 26087 30164
0 5396 1 0 0 0 0 10171
0 28329 1 0 0 0 0 3807
0 7169 1 0 0 0 0 13853
0 30164 1 0 0 1952 10171 2446
0 14337 1 0 0 0 0 30417
0 12518 0 0 0 28373 26656 30417
0 30414 0 0 0 30164 30156 28373
0 8680 1 0 0 0 0 10941
0 30488 0 0 0 25774 26087 30323
0 27995 0 0 0 28360 25683 25774
0 28373 0 0 0 21732 0 25577
0 10234 0 0 0 1908 0 10040
0 30488 0 0 0 25774 26087 30414
0 30488 0 0 0 25774 26087 30417
0 30175 0 0 0 25452 30323 18843
0 25287 0 0 0 28373 28816 30417
0 30166 1 0 0 26563 28373 0
0 30164 1 0 0 9506 26248 2446
0 30166 1 0 0 27076 18326 0
0 30164 1 0 0 8860 0 28373
0 30417 0 0 0 30499 30322 28373
0 30203 0 0 0 30280 6428 30194
0 26176 0 0 0 21134 30555 30154
0 6938 0 0 0 28373 26656 30417
0 7585 0 0 0 30425 6167 30417
0 28360 1 0 0 25787 28359 131
0 28329 1 0 0 0 0 3630
0 11074 0 0 0 15084 9407 10040
0 30166 1 0 0 25242 29175 0
0 30166 1 0 0 26600 30156 0
0 30164 1 0 0 3955 0 28373
0 13853 0 0 0 438 0 3988
0 9407 1 0 0 0 0 268
0 10040 0 0 0 541 23771 28373
0 28329 1 0 0 0 0 5452
0 11590 0 0 0 1908 0 10303
0 4782 1 1 0 8510 0 4551
0 25584 0 0 0 30414 28941 30166
0 30166 1 0 0 30597 30553 0
0 30166 1 0 0 30597 30699 0
0 28373 0 0 0 30323 30164 7585
0 30417 0 0 0 26094 30209 26688
0 30166 1 0 0 26448 30414 0
0 28816 0 0 0 25354 2222 28373
0 1590 0 0 0 1858 0 28373
0 30522 0 0 0 30164 30597 30571
0 4977 0 0 0 9407 0 30417
0 4551 1 0 0 4782 8510 6406
0 11590 0 0 0 1908 0 10040
0 995 0 0 0 1908 0 28373
0 25584 0 0 0 30414 28941 30417
0 28816 0 0 0 5581 28373 9945
0 2258 0 0 0 28373 6428 30417
0 13002 0 0 0 28373 30323 30417
0 23379 0 0 0 30417 6938 30166
0 9506 0 0 0 26248 26293 30154
0 9506 0 0 0 26248 26293 30164
0 9506 0 0 0 26248 26293 30166
0 30424 0 0 0 28373 30417 30330
0 26688 0 0 0 28373 30417 28650
0 26041 0 0 0 30180 24881 28816
0 4265 1 0 0 0 0 30417
0 9407 1 0 0 0 0 3630
0 10614 0 0 0 12095 30323 30166
0 10614 0 0 0 12095 30323 30154
0 30488 0 0 0 25497 25727 30164
0 2441 0 0 0 30164 30156 10040
0 10171 0 0 0 3102 0 2556
0 9506 0 0 0 26248 26293 30414
0 26052 1 0 0 30154 27146 30156
0 12095 0 0 0 30323 10044 10614
0 30166 1 0 0 30216 30388 0
0 30323 0 0 0 12450 2222 28373
0 2446 0 0 0 30414 30164 8476
0 30209 0 0 0 30414 30164 29277
0 11590 0 0 0 13853 438 10040
0 13442 1 0 0 0 0 30417
0 1237 1 0 0 0 0 30417
0 30164 1 0 0 10334 0 2446
0 30166 1 0 0 25028 25774 0
0 30417 0 0 0 30499 25452 24881
0 30154 1 0 0 30273 28650 27881
0 6924 1 0 0 0 0 13922
0 30166 1 0 0 30156 29130 0
0 26293 0 0 0 22184 5396 26248
0 30164 1 0 0 10334 0 28373
0 3239 1 0 0 30154 9506 30156
0 26087 1 0 0 30180 24881 25774
0 30166 1 0 0 25242 28245 0
0 7129 0 0 0 21732 0 30164
0 27701 0 0 0 5118 6428 30243
0 7323 0 0 0 3297 0 30417
0 28360 1 0 0 25683 28359 25626
0 30154 1 0 0 30243 9668 29468
0 21732 1 0 0 0 0 28373
0 94 0 0 0 30571 4683 30323
0 8680 1 0 0 0 0 28650
0 18755 1 0 0 0 0 30417
0 30156 1 0 0 30657 30154 2222
0 30156 1 0 0 28322 30154 30597
0 6807 1 0 0 0 0 15457
0 8680 1 0 0 0 0 28560
0 30166 1 0 0 30488 30180 0
0 30164 1 0 0 29201 30338 30699
0 30323 0 0 0 26782 2222 30209
0 18453 0 0 0 1908 0 12021
0 2222 0 0 0 1574 0 13939
0 30156 1 0 0 28537 30154 25362
0 30417 0 0 0 3630 28373 28540
0 30417 0 0 0 30499 28373 24394
0 30166 1 0 0 4136 28769 0
0 21732 1 0 0 0 0 14948
0 2258 0 0 0 3577 30417 30520
0 25584 0 0 0 30546 30417 30166
0 2446 0 0 0 30164 8877 4113
0 26656 0 0 0 20883 2222 28373
0 30417 0 0 0 12893 0 28373
0 30414 0 0 0 30164 24931 22722
0 5799 0 0 0 8476 1908 28373
0 8476 0 0 0 1908 0 4396
0 425 1 0 0 0 0 2222
0 24790 1 1 0 30164 24784 30164
0 11590 0 0 0 2446 8877 10040
0 30417 0 0 0 25518 30209 30209
0 30166 1 0 0 27096 30338 0
0 26041 0 0 0 9407 0 30417
0 4113 0 0 0 2446 30164 10040
0 13667 0 0 0 1858 0 28373
0 1858 1 0 0 0 0 3613
0 24521 0 0 0 30209 1923 75
0 26656 0 0 0 10539 28414 28373
0 30166 1 0 0 30597 30156 0
0 5799 0 0 0 1908 0 28373
0 21091 0 0 0 30571 2222 30166
0 26248 0 0 0 26293 22184 27146
0 30166 1 0 0 30597 30155 0
0 30166 1 0 0 30467 26193 0
0 2001 0 0 0 9407 0 30417
0 9407 1 0 0 0 0 2556
0 30166 1 0 0 30597 30404 0
0 30156 1 0 0 27024 30154 28345
0 2699 0 0 0 1858 0 28373
0 30166 1 0 0 30465 30180 0
0 354 0 0 0 3033 30571 30166
0 26458 0 0 0 30499 28373 30417
0 30156 1 0 0 28993 30154 30414
0 30156 1 0 0 5883 30154 30164
0 30488 0 0 0 30180 24881 30323
0 30166 1 0 0 30156 648 0
0 3988 0 0 0 15084 438 10040
0 30164 1 0 0 30597 30199 9945
0 30156 1 0 0 28993 30154 30166
0 30156 1 0 0 28993 30154 30164
0 30520 0 0 0 10003 21732 28373
0 3241 1 0 0 0 0 13922
0 30166 1 0 0 30597 30546 0
0 30338 0 0 0 30199 30417 26041
0 26656 0 0 0 22235 2222 28373
0 6996 0 0 0 2477 14728 30323
0 6428 0 0 0 30532 30597 28373
0 24798 1 0 0 25546 10959 28331
0 13830 0 0 0 19377 30164 28816
0 3478 0 0 0 10171 21732 30164
0 30166 1 0 0 26563 30273 0
0 30414 0 0 0 26041 29579 29130
0 30166 1 0 0 27138 26688 0
0 26041 0 0 0 30338 30199 30166
0 26041 0 0 0 30338 30199 30164
0 8734 0 0 0 28650 26688 26656
0 8476 0 0 0 1908 0 4017
0 28322 1 1 0 20172 133 30156
0 30520 0 0 0 3581 6428 28373
0 30209 0 0 0 1923 5060 75
0 30414 0 0 0 30156 26201 22895
0 28373 0 0 0 30417 23239 26688
0 30166 1 0 0 30330 30424 0
0 26041 0 0 0 30338 30199 30414
0 30166 1 0 0 25584 30303 0
0 26661 0 0 0 2085 5060 30520
0 4113 0 0 0 1908 0 10040
0 30166 1 0 0 4726 30323 0
0 30689 0 0 0 18843 30465 6428
0 75 0 0 0 28373 1590 30417
0 30417 0 0 0 24996 28373 28373
0 1858 1 0 0 0 0 5043
0 30154 1 0 0 30194 30203 29175
0 30203 0 0 0 30280 28373 30194
0 26041 0 0 0 28373 30323 30417
0 30166 1 0 0 25817 30414 0
0 1908 1 0 0 0 0 2399
0 30166 1 0 0 29640 28373 0
0 5285 0 0 0 28373 12847 30166
0 75 0 0 0 22235 19374 30323
0 4113 0 0 0 1908 0 10303
0 28373 0 0 0 5799 2446 13416
0 30565 1 0 1 30176 30417 30363
0 4604 0 0 0 24827 30164 30379
0 9668 1 0 0 0 0 30243
0 30221 0 0 0 30583 19374 30417
0 30164 1 0 0 7232 0 30323
0 10040 0 0 0 28650 26688 2222
0 30164 1 0 0 2057 21732 2446
0 30172 1 1 0 30154 30174 30156
0 24790 1 1 0 30154 494 30156
0 15084 0 0 0 438 0 12986
0 30154 1 0 0 9049 30588 14423
0 30166 1 0 0 30467 30417 0
0 28373 0 0 0 1738 0 10539
0 9407 1 0 0 0 0 4977
0 28373 0 0 0 30323 30185 6167
0 75 0 0 0 2730 30209 30323
0 7169 1 0 0 0 0 15084
0 26656 0 0 0 26506 2085 28373
0 75 0 0 0 28373 4396 30417
0 30488 0 0 0 30180 24881 30166
0 30164 1 0 0 7232 0 30209
0 30166 1 0 0 2824 4611 0
0 30338 0 0 0 30199 14669 26041
0 30166 1 0 0 28329 27769 0
0 30164 1 0 0 2057 21732 30209
0 1908 1 0 0 0 0 23771
0 30499 0 0 0 28373 10040 30417
0 648 1 1 0 66 20204 30156
0 30417 0 0 0 6938 28373 28373
0 1952 0 0 0 25577 9407 14722
0 393 0 0 0 23771 1908 10040
0 28373 0 0 0 30323 12450 9660
0 30166 1 0 0 26968 30265 0
0 26041 0 0 0 30218 14669 30166
0 30164 1 0 0 4102 0 13910
0 6938 0 0 0 28373 30323 30417
0 14696 0 0 0 2446 30164 10040
0 8734 0 0 0 30571 26399 26656
0 30166 1 0 0 30467 13910 0
0 27107 1 0 0 0 0 13922
0 5116 0 0 0 21091 2222 28373
0 30370 0 0 0 4611 30597 6428
0 25584 0 0 0 30414 29215 30417
0 19374 0 0 0 1923 5060 26506
0 12450 0 0 0 2085 30520 30323
0 30499 0 0 0 30414 30164 30417
0 15670 0 0 0 268 13910 10040
0 28373 0 0 0 6428 30164 1287
0 15084 0 0 0 438 0 12021
0 15676 0 0 0 30189 30414 30166
0 2155 1 0 0 0 0 30174
0 438 1 0 0 0 0 10309
0 6428 0 0 0 2961 2222 28373
0 10171 0 0 0 21732 0 1952
0 2001 0 0 0 2315 2857 30423
0 4390 0 0 0 438 0 15670
0 10040 0 0 0 30414 30164 28373
0 10040 0 0 0 11074 13922 28373
0 2258 0 0 0 28373 10040 30417
0 25584 0 0 0 30414 29215 30166
0 8476 0 0 0 1908 0 5799
0 30164 1 0 0 30172 0 25660
0 21732 1 0 0 0 0 13910
0 4337 0 0 0 2085 15712 28816
0 75 0 0 0 30209 11931 30323
0 8476 0 0 0 1908 0 5646
0 30164 1 0 0 8877 0 2446
0 30323 0 0 0 27078 30265 28373
0 30166 1 0 0 30597 30146 0
0 30164 1 0 0 25305 30323 30520
0 2207 0 0 0 28373 30323 30417
0 3033 0 0 0 2857 30156 541
0 5060 0 0 0 8680 0 2085
0 28373 0 0 0 21732 0 7585
0 30446 0 0 0 6428 30689 30299
0 30166 1 0 0 26867 28650 0
0 8680 1 0 0 0 0 26968
0 26782 0 0 0 22741 2222 30323
0 19374 0 0 0 30164 30243 27091
0 75 0 0 0 28373 9180 30417
0 12021 0 0 0 2446 30164 30209
0 26293 0 0 0 3402 0 26248
0 5880 1 0 0 0 0 28373
0 10040 0 0 0 12021 1908 28373
0 30127 0 0 0 30460 30209 30164
0 679 1 1 0 66 24827 30156
0 21732 1 0 0 0 0 13429
0 3596 0 0 0 28373 30323 30417
0 12021 0 0 0 1908 0 10303
0 12450 0 0 0 27138 26688 30323
0 30166 1 0 0 30597 29847 0
0 9877 0 0 0 2446 30164 28373
0 30166 1 0 0 30597 30140 0
0 1858 1 0 0 0 0 4457
0 1395 1 0 0 0 0 3742
0 26293 0 0 0 22184 3742 26248
0 28373 0 0 0 30417 30499 26439
0 30166 1 0 0 25557 30417 0
0 30166 1 0 0 354 3033 0
0 75 0 0 0 21995 30209 30323
0 15670 0 0 0 13853 6194 10040
0 30460 0 0 0 30209 30520 30127
0 13853 0 0 0 438 0 4762
0 6058 0 0 0 30209 28816 30417
0 3988 0 0 0 15084 13910 10040
0 4396 0 0 0 8476 1908 28373
0 2222 0 0 0 9945 30164 21091
0 30166 1 0 0 30597 30532 0
0 19377 0 0 0 1822 30164 28373
0 12117 0 0 0 28414 28373 12450
0 29021 1 1 0 28379 24787 30154
0 30203 0 0 0 30280 30417 30194
0 438 1 0 0 0 0 4390
0 30156 1 0 0 5167 16094 0
0 30166 1 0 0 30465 30199 0
0 30520 0 0 0 30486 10040 28373
0 30499 0 0 0 21333 28373 30417
0 30154 1 0 0 26176 21134 7967
0 12021 0 0 0 1908 0 10040
0 1908 1 0 0 0 0 2824
0 30417 0 0 0 29880 28373 30338
0 3630 0 0 0 30209 30323 30417
1 25667 0 0 0 28373 30417 29656
1 30472 1 1 1 30154 30173 30156
1 30617 0 0 0 30194 30203 30172
1 25667 0 0 0 29175 28373 29656
1 18326 0 0 0 26688 28373 27076
1 25106 1 1 1 28373 30417 26439
1 30280 0 0 0 28373 30417 30203
1 30154 1 0 0 30194 30203 29175
1 30203 0 0 0 30280 28373 30194
1 30440 0 0 0 27185 28373 26439
1 26563 0 0 0 29609 30209 30166
1 30317 1 0 0 30281 29448 26439
1 30156 1 0 0 29448 30154 30281
1 29656 0 0 0 25667 28245 25594
1 30156 1 0 0 30472 30154 26439
1 30199 1 0 0 30449 30417 30597
1 30449 0 0 0 30417 28650 30199
1 30156 1 0 0 20876 30154 28601
1 29448 1 0 0 30154 28780 30156
1 30273 0 0 0 26475 28373 26439
1 30154 1 0 0 30173 28259 30472
1 30180 1 0 0 28699 28373 27076
1 30199 1 0 0 30280 28373 30338
1 29448 1 0 0 30417 30499 30281
1 30472 1 1 1 28373 30417 26563
1 30194 0 0 0 30203 30280 30617
1 29106 0 0 0 29626 30417 28780
1 26968 0 0 0 18165 28373 30417
1 26439 0 0 0 30472 28373 30166
1 30472 1 1 1 30154 27159 30156
1 30472 1 1 1 28373 30417 26439
1 25774 0 0 0 28650 26688 26627
1 28245 1 1 1 28373 30417 18863
1 25774 0 0 0 30180 24881 26627
1 23366 0 0 0 28373 30520 26545
1 29175 1 0 0 30154 30194 30156
1 24787 1 1 0 28373 30417 30153
1 30281 0 0 0 29448 30417 30317
1 27076 0 0 0 30180 28699 30166
1 30156 1 0 0 28450 30154 25551
1 28327 1 0 0 29021 30154 20149
1 25667 0 0 0 28245 28373 29656
1 29626 0 0 0 30317 30281 29106
1 30194 0 0 0 30203 30280 25667
1 26563 0 0 0 28373 30323 30417
1 28895 1 0 1 28373 18843 26563
1 30317 1 0 0 30281 29448 30467
1 25667 0 0 0 30172 30617 29656
1 29106 0 0 0 29626 30317 28780
1 24787 1 1 0 28373 30323 30153
1 28245 1 1 1 28373 30417 25667
1 26475 1 1 1 28373 30417 30273
1 30280 0 0 0 28373 30417 25106
1 29656 0 0 0 25667 28373 25594
1 25667 0 0 0 30194 30203 29656
1 30154 1 0 0 26545 23366 20876
1 26968 0 0 0 26563 28373 30417
1 28601 0 0 0 30209 30417 26439
1 30156 1 0 0 25636 28327 30154
1 30172 1 1 0 30617 30194 25667
1 29029 1 1 0 28327 29025 30156
1 26988 0 0 0 26688 28373 27076
1 29656 0 0 0 25667 26889 25594
1 24784 1 1 0 30154 30220 28327
1 27076 0 0 0 18326 28769 30166
1 20876 1 0 0 30154 27008 30156
1 30280 0 0 0 28373 30417 25486
1 29626 0 0 0 28373 30417 29106
1 29880 0 0 0 25907 28373 26968
1 28358 1 0 1 29383 28373 28650
1 30154 1 0 0 28650 28358 28895
1 20149 1 1 0 28327 29021 30156
1 28650 0 0 0 28358 29383 30154
1 29021 1 1 0 30154 30220 28327
1 27076 0 0 0 25774 30209 26656
1 30472 1 1 1 28373 30323 26563
1 20876 1 0 0 30154 26545 30156
1 30273 0 0 0 26475 30154 30156
1 27076 0 0 0 18326 26688 30166
1 25667 0 0 0 26889 28373 29656
1 30273 0 0 0 29640 28373 30487
1 29383 1 0 1 28373 30417 28358
1 28895 1 0 1 28373 30417 26439
1 30467 0 0 0 30317 30281 30323
1 28650 0 0 0 29066 30512 30273
1 27076 0 0 0 26988 26688 30166
1 30273 0 0 0 30440 28895 26563
1 30153 1 0 0 24787 28373 19038
1 25106 1 1 1 30280 28373 26563
1 30180 1 0 0 28699 28373 25854
1 26563 0 0 0 30472 28373 30166
1 27159 1 1 1 28373 30417 26439
1 26968 0 0 0 19038 30153 30417
1 28895 1 0 1 30154 28650 30156
1 29656 0 0 0 25667 30156 25594
1 18863 1 0 0 30154 25594 30156
1 26912 0 0 0 28373 30323 30417
1 30194 0 0 0 30203 30280 30154
1 26688 0 0 0 28373 30520 18326
1 19038 0 0 0 30153 24787 26968
1 26563 0 0 0 30472 28373 30323
1 26563 0 0 0 30472 28373 30414
1 28327 1 0 0 29025 30154 29029
1 29656 0 0 0 25667 29175 25594
1 28699 0 0 0 28373 30520 30180
1 28259 0 0 0 28373 30417 30173
1 30153 1 0 0 24784 26977 30487
1 30358 0 0 0 30173 26996 26563
1 29025 1 1 0 30154 30220 28327
1 30417 0 0 0 28650 25452 30449
1 26688 0 0 0 28373 30417 18326
1 30467 0 0 0 30317 30281 30164
1 30467 0 0 0 30317 30281 30166
1 30281 0 0 0 28780 29106 30317
1 24913 0 0 0 30154 24811 30156
1 29656 0 0 0 25667 30172 25594
1 28616 1 1 0 30154 30156 28327
1 30281 0 0 0 30156 29448 30317
1 25594 0 0 0 29656 25667 30164
1 25594 0 0 0 29656 25667 30166
1 25594 0 0 0 29656 25667 30154
1 21154 1 0 0 30154 25102 30156
1 27008 0 0 0 26555 23366 30154
1 28780 0 0 0 29106 29626 30281
1 28450 1 0 0 30154 28259 30156
1 28699 0 0 0 26210 28373 30180
1 28601 0 0 0 26545 23366 26439
1 28780 0 0 0 29106 29626 30154
1 26563 0 0 0 28373 30323 26968
1 29656 0 0 0 25667 30194 25594
1 30154 1 0 0 28780 29106 29448
1 26439 0 0 0 30317 30281 30499
1 30154 1 0 0 27008 26555 20876
1 25594 0 0 0 29656 25667 30323
2 25660 1 1 0 30164 30172 30154
2 30156 1 0 0 28537 30154 25362
2 25362 1 1 0 30156 28537 30440
2 30154 1 0 0 25660 30164 28537
2 30180 1 0 0 30154 21200 30156
2 30411 1 0 0 30172 30421 13390
2 30180 1 0 0 28699 30191 24799
2 24799 1 1 1 30180 28699 30411
2 30440 0 0 0 25362 30156 26764
2 30164 1 0 0 30172 30417 25660
2 28537 1 0 0 30154 25660 30156
2 30156 1 0 0 30180 30154 30411
2 30172 1 1 0 30421 22771 30411
2 29136 0 0 0 26586 30417 30411
3 30180 1 0 0 24881 30154 30156
3 24881 1 0 1 0 0 30180
3 24881 1 0 1 27138 26688 30180
3 25376 0 0 0 27026 28373 30417
3 30154 1 0 0 26688 30417 26927
3 29036 1 1 0 30154 26001 30156
3 30440 0 0 0 28540 28373 30166
3 30440 0 0 0 28540 28373 30323
3 30156 1 0 0 27881 30154 25771
3 30327 0 0 0 30565 28373 30440
3 30617 0 0 0 30194 30363 30172
3 30183 1 0 0 29921 28373 30440
3 30191 1 0 0 30417 9564 28699
3 25362 1 1 0 30156 28537 27099
3 28650 0 0 0 26688 30417 29579
3 28699 0 0 0 30154 30191 30156
3 30273 0 0 0 30180 28699 30414
3 30338 0 0 0 30199 28373 30440
3 30281 0 0 0 9407 0 30317
3 28650 0 0 0 25452 30154 30417
3 28358 1 0 1 21129 0 28650
3 26688 0 0 0 28373 30417 28650
3 26510 1 0 1 30417 3311 26959
3 29106 0 0 0 29626 30417 28780
3 25106 1 1 1 30164 30472 30164
3 29066 0 0 0 30512 30425 28650
3 30414 0 0 0 27071 25422 26906
3 30417 0 0 0 26906 30414 26688
3 27138 0 0 0 26688 30417 12450
3 25066 0 0 0 30154 23232 30156
3 28699 0 0 0 26210 30417 30180
3 26688 0 0 0 30209 30164 28650
3 30154 1 0 0 28560 27905 26139
3 25236 0 0 0 30194 29380 30673
3 30440 0 0 0 30183 29921 30154
3 30180 1 0 0 24881 28650 30166
3 24881 1 0 1 30417 29757 30180
3 28650 0 0 0 29066 30341 30273
3 28357 1 0 0 30154 21684 30156
3 28699 0 0 0 30191 30417 30180
3 26773 1 0 1 25452 30417 30180
3 30156 1 0 0 28450 30154 25551
3 25452 0 0 0 9407 0 28650
3 30273 0 0 0 30180 28699 2222
3 21741 1 0 0 0 0 27099
3 28073 1 0 1 30417 13416 30423
3 28350 1 0 0 30154 24813 30156
3 20488 1 0 0 30417 12495 30520
3 26448 1 1 0 30154 26982 30156
3 25452 0 0 0 30194 29380 30327
3 30154 1 0 0 26688 30417 26301
3 24881 1 0 1 28373 30417 26945
3 30507 0 0 0 30338 30633 30295
3 28560 0 0 0 30673 25236 30172
3 28699 0 0 0 30191 30164 30180
3 26210 1 0 0 30154 28650 30156
3 26688 0 0 0 9407 0 28650
3 30180 1 0 0 24881 27138 30414
3 28424 1 0 0 30154 27099 30156
3 30512 0 0 0 28373 30417 29066
3 29130 1 0 1 30154 30273 30156
3 21741 1 0 0 0 0 30440
3 21048 1 0 0 30154 27099 30156
3 28540 0 0 0 30417 3630 27099
3 30180 1 0 0 24881 30417 26041
3 24881 1 0 1 30417 27091 30180
3 30199 1 0 0 28373 30417 30338
3 25362 1 1 0 30156 28537 30440
3 25102 0 0 0 27148 26900 25774
3 24881 1 0 1 30154 30180 30180
3 30154 1 0 0 24813 30417 28350
3 28650 0 0 0 25452 30417 28699
3 30191 1 0 0 30164 27091 28699
3 26688 0 0 0 29579 28373 28650
3 26321 1 0 0 30154 28650 30156
3 30414 0 0 0 26620 25422 30639
3 27099 0 0 0 29259 26492 30154
3 27088 1 0 0 30154 25497 30156
3 30633 0 0 0 30417 30499 30338
3 24881 1 0 1 30417 30499 30180
3 29130 1 0 1 30154 28458 30156
3 29066 0 0 0 30512 30520 28650
3 30180 1 0 0 30156 28699 30154
3 28650 0 0 0 25452 28373 30417
3 30191 1 0 0 30417 25934 28699
3 30173 1 1 0 30327 25452 30154
3 30180 1 0 0 24881 30164 30164
3 30156 1 0 0 28537 30154 25362
3 27099 0 0 0 28540 30417 30414
3 27881 1 0 0 30154 28650 30156
3 25310 1 0 0 28373 30417 26094
3 22628 1 0 0 0 0 26773
3 29579 1 0 1 28650 26688 30166
3 24881 1 0 1 30417 75 30180
3 29066 0 0 0 30512 30414 28650
3 25452 0 0 0 28650 26688 26773
3 26688 0 0 0 26192 30209 28650
3 27099 0 0 0 28540 30417 30323
3 25452 0 0 0 30154 25310 28650
3 28540 0 0 0 28373 30417 30440
3 30273 0 0 0 26475 30154 30156
3 28650 0 0 0 29066 30512 30154
3 26688 0 0 0 13910 30417 27138
3 29066 0 0 0 30512 28373 28650
3 26688 0 0 0 28373 28816 28650
3 26688 0 0 0 25583 30209 28650
3 26629 1 0 0 30154 20679 30156
3 28650 0 0 0 26688 28373 24881
3 25823 0 0 0 26423 28373 30417
3 25660 1 1 0 30164 30172 30154
3 24881 1 0 1 30414 26867 30180
3 29066 0 0 0 30512 30417 28458
3 22334 1 0 0 0 0 28650
3 26688 0 0 0 25815 26703 28650
3 25452 0 0 0 28650 26688 26310
3 28699 0 0 0 30191 30414 30180
3 28650 0 0 0 29066 30512 30273
3 26688 0 0 0 30180 24881 28650
3 26867 1 1 1 28373 30417 26688
3 27138 0 0 0 26688 30417 30164
3 27138 0 0 0 26688 30417 30166
3 30172 1 1 0 28560 30673 30154
3 25283 1 1 0 30154 21976 30156
3 29259 1 0 0 26492 30414 27099
3 25376 0 0 0 26348 28373 30417
3 25452 0 0 0 28650 26688 28650
3 26960 1 0 0 30154 25497 30156
3 28650 0 0 0 26688 10171 30166
3 27138 0 0 0 26688 30417 30323
3 30180 1 0 0 24881 30423 26041
3 28537 1 0 0 30154 25660 30156
3 25774 0 0 0 26087 25327 25376
3 29066 0 0 0 30512 30414 28458
3 28650 0 0 0 29066 30512 30440
3 30180 1 0 0 26773 25452 26041
3 25769 1 1 0 30154 30172 30156
3 28458 1 0 1 29066 30512 30154
3 28458 1 0 1 29066 30512 30164
3 27138 0 0 0 26688 30417 30414
3 27138 0 0 0 26688 30417 10040
3 26867 1 1 1 30164 30180 30164
3 30156 1 0 0 26210 30154 25329
3 29297 1 0 0 30154 30440 30156
3 28895 1 0 1 30154 28650 30156
3 30154 1 0 0 26429 30414 25066
3 25960 0 0 0 30317 30281 30323
3 27099 0 0 0 21741 0 30323
3 30317 1 0 0 30281 29448 25960
3 25497 0 0 0 28560 27905 30154
3 30507 0 0 0 30417 30499 25960
3 27099 0 0 0 30243 27701 30154
3 28424 1 0 0 30154 30440 30156
3 30327 0 0 0 25452 30194 30173
3 27109 1 0 0 0 0 25497
3 24881 1 0 1 28373 30417 30180
3 30180 1 0 0 30154 25332 30156
3 25376 0 0 0 25774 26087 30166
3 30180 1 0 0 24881 28373 28780
3 30154 1 0 0 28650 25452 26210
3 28699 0 0 0 26210 28650 30180
3 25452 0 0 0 30417 26041 28650
3 30338 0 0 0 30199 28373 30327
3 30639 0 0 0 30414 26620 30417
3 24827 1 0 0 30154 26210 30156
3 28699 0 0 0 30191 30323 30180
3 24987 1 0 0 30154 28560 30156
3 24881 1 0 1 30417 6938 30180
3 30172 1 1 0 30617 30194 30154
3 25497 0 0 0 28560 30164 28331
3 28331 1 0 0 25497 28560 30154
3 28331 1 0 0 25497 28560 30164
3 28331 1 0 0 25497 28560 30166
3 28650 0 0 0 26688 28373 26867
3 26688 0 0 0 10171 30417 28650
3 30180 1 0 0 24881 28373 26688
3 28699 0 0 0 28650 25452 30180
3 28650 0 0 0 29066 30512 25159
3 26448 1 1 0 30414 26423 25357
3 28450 1 0 0 30154 28259 30156
3 30172 1 1 0 25114 30507 30154
3 29579 1 0 1 30154 24859 30156
3 28331 1 0 0 25497 28560 30414
3 25497 0 0 0 28560 28816 28331
3 30273 0 0 0 30156 28350 30499
3 27099 0 0 0 28540 30417 30154
3 30273 0 0 0 30154 30180 30156
3 30472 1 1 1 30154 30173 30156
3 30617 0 0 0 30194 30203 30172
3 25774 0 0 0 26087 28373 25376
3 30154 1 0 0 25660 30164 28537
3 28650 0 0 0 26688 28373 29579
3 30180 1 0 0 28699 30191 30273
3 26087 1 0 0 25327 28373 25774
3 29066 0 0 0 30512 28816 28650
3 30156 1 0 0 29448 30154 30281
3 30180 1 0 0 28699 30191 30164
3 30617 0 0 0 30414 30191 30317
3 30154 1 0 0 30597 30199 25310
3 24881 1 0 1 30164 28650 30180
3 26773 1 0 1 25452 28650 30180
3 28699 0 0 0 30191 30417 26214
3 26688 0 0 0 28373 30417 27138
3 28358 1 0 1 29383 30414 28650
3 30199 1 0 0 30449 30417 30597
3 25066 0 0 0 30154 26429 30156
3 26635 1 1 0 30164 26636 30164
3 30449 0 0 0 30417 28650 30199
3 26867 1 1 1 30154 25323 30156
3 25106 1 1 1 30154 25909 30156
3 30273 0 0 0 27881 30154 30156
3 24881 1 0 1 30417 15620 30180
3 29448 1 0 0 30154 28780 30156
3 25310 1 0 0 30164 26867 30164
3 29579 1 0 1 30417 26041 30164
3 26470 1 0 0 30154 30440 30156
3 24881 1 0 1 30417 25774 30180
3 30180 1 0 0 28699 26210 26041
3 24881 1 0 1 30417 26041 30180
3 30417 0 0 0 28650 22628 30449
3 29640 1 0 0 30154 30440 30156
3 30657 1 0 0 30154 30194 30156
3 29380 1 0 1 9407 0 30194
3 28567 1 1 1 30154 27162 30156
3 28650 0 0 0 25452 30417 30154
3 28650 0 0 0 28358 30157 30154
3 30180 1 0 0 28699 28650 30154
3 28641 1 0 0 30154 28002 30156
3 30472 1 1 1 30154 27159 30156
3 25310 1 0 0 30154 30597 30156
3 25915 1 0 1 30154 28650 30156
3 26867 1 1 1 28650 26688 30166
3 26688 0 0 0 28373 10040 28650
3 30281 0 0 0 29448 30417 30317
3 30180 1 0 0 24881 30414 30166
3 25497 0 0 0 27109 0 28331
3 26688 0 0 0 30417 26906 30156
3 26688 0 0 0 30417 26906 30154
3 24881 1 0 1 30417 18654 30180
3 30327 0 0 0 30338 30199 30440
3 28650 0 0 0 25452 30417 30417
3 25452 0 0 0 28373 30417 28650
3 30154 1 0 0 28650 29066 27881
3 26688 0 0 0 30417 25774 27138
3 24881 1 0 1 28650 26688 30180
3 30180 1 0 0 24881 0 2222
3 25003 1 0 0 30154 27036 30156
3 26938 1 1 1 30154 30295 30156
3 29066 0 0 0 29228 0 28650
3 22628 1 0 0 0 0 28650
3 26906 0 0 0 30414 27071 30417
3 30317 1 0 0 30281 29448 30499
3 30180 1 0 0 24881 30520 26041
3 27138 0 0 0 26688 30417 15037
3 26688 0 0 0 30417 30639 30154
3 29579 1 0 1 26656 75 30323
3 28560 0 0 0 27905 30417 25497
3 29066 0 0 0 30512 30417 28650
3 30597 0 0 0 30199 30449 30166
3 30597 0 0 0 30199 30449 30154
3 30597 0 0 0 30199 30449 30156
3 30164 1 0 0 30172 30417 25660
3 27881 1 0 0 30154 30273 30273
3 26927 1 0 0 30154 26688 30156
3 25497 0 0 0 28560 30414 28331
3 26688 0 0 0 26867 28373 28650
3 30273 0 0 0 26505 28373 25261
3 24881 1 0 1 30417 25823 30180
3 30180 1 0 0 24881 30417 30154
3 30180 1 0 0 24881 30417 30166
3 30180 1 0 0 24881 30417 30164
3 30440 0 0 0 26762 30417 30154
3 29953 0 0 0 30417 9318 24813
3 28650 0 0 0 26688 28373 30164
3 24881 1 0 1 30417 30488 30180
3 30154 1 0 0 30180 30156 30273
3 26688 0 0 0 30417 26094 27138
3 30156 1 0 0 28350 30154 30273
3 26688 0 0 0 30417 26846 27138
3 30414 0 0 0 30191 30617 30617
3 25329 1 0 1 30156 26210 30180
3 30180 1 0 0 24881 30417 30323
3 30180 1 0 0 24881 0 26041
3 30180 1 0 0 24881 30417 30414
3 24859 1 0 0 28650 25452 30154
3 28699 0 0 0 30191 28373 30180
3 30180 1 0 0 24881 30417 30488
3 30295 1 1 1 30507 29304 30154
3 25110 1 1 1 30154 21477 30156
3 28650 0 0 0 28358 29383 30154
3 25714 1 1 0 30154 26457 30156
3 28358 1 0 1 29383 30164 28650
3 30440 0 0 0 30243 27701 30273
3 26773 1 0 1 22628 0 30180
3 28699 0 0 0 30191 27091 30180
3 29228 1 0 0 0 0 29066
3 26620 0 0 0 25422 30154 30414
3 30507 0 0 0 29304 30417 30295
3 26641 1 0 1 30154 28650 30156
3 24881 1 0 1 17158 30520 30180
3 30191 1 0 0 30417 6938 28699
3 25991 1 1 1 30154 30295 30156
3 28560 0 0 0 27905 28373 25497
3 29380 1 0 1 28373 30417 30194
3 30154 1 0 0 30194 29380 30657
3 28560 0 0 0 30417 26041 25497
3 30507 0 0 0 30338 30633 25114
3 30273 0 0 0 28650 29066 30154
3 28650 0 0 0 28358 21129 30154
3 30180 1 0 0 24881 30417 28816
3 28650 0 0 0 26688 30417 26867
3 30180 1 0 0 24881 30417 26399
3 26475 1 1 1 30154 30440 30156
3 26688 0 0 0 30209 2222 28650
3 30156 1 0 0 28699 30154 30180
3 26688 0 0 0 29141 30199 28650
3 22334 1 0 0 0 0 27138
3 28365 0 0 0 30154 29960 30156
3 26867 1 1 1 27138 26688 30414
3 26244 0 0 0 30317 30281 30154
3 27905 1 0 1 28373 30417 28560
3 25583 0 0 0 30209 2222 26688
3 27071 0 0 0 25422 30154 30414
3 30180 1 0 0 24881 30417 26448
3 26688 0 0 0 28373 26656 28650
3 26139 1 0 0 30154 28560 30156
3 25013 1 0 0 30154 26244 30156
3 30191 1 0 0 30414 30273 28699
3 30363 0 0 0 30565 30280 30194
3 28228 1 0 0 30154 30440 30156
3 30273 0 0 0 30180 28699 30166
3 30273 0 0 0 30180 28699 30164
3 30273 0 0 0 26548 30154 30156
3 24881 1 0 1 30417 26727 30180
3 30194 0 0 0 30363 30565 30617
3 28650 0 0 0 26688 28373 25452
3 30180 1 0 0 28699 30191 29960
3 28650 0 0 0 25452 30417 24859
3 26107 1 1 1 30154 21971 30156
3 30417 0 0 0 28650 25452 30449
3 30417 0 0 0 30639 30414 26688
3 30440 0 0 0 28650 29066 30154
3 29579 1 0 1 30154 26310 30156
3 24881 1 0 1 10040 15670 30180
3 30338 0 0 0 30633 30417 30507
3 28073 1 0 1 30154 25814 30156
3 26301 1 0 0 30154 26688 30156
3 30199 1 0 0 30449 30417 30338
3 30440 0 0 0 30338 30199 30154
3 26426 1 1 0 30164 26423 30164
3 30295 1 1 1 30507 30338 30154
3 21129 1 0 1 0 0 28358
3 28650 0 0 0 22628 0 30417
3 25913 1 0 1 30154 30597 30156
3 29380 1 0 1 0 0 30194
3 25557 1 0 0 30154 28331 30156
3 28780 0 0 0 29106 29626 30281
3 25497 0 0 0 28560 30417 28331
3 29579 1 0 1 0 0 26041
3 26688 0 0 0 30417 26041 28650
3 30180 1 0 0 28699 26210 30323
3 30180 1 0 0 28699 30191 30421
3 25774 0 0 0 25102 27148 28560
3 28780 0 0 0 29106 29626 30154
3 30180 1 0 0 28699 26210 30164
3 30180 1 0 0 28699 26210 30166
3 30472 1 1 1 28373 30417 30440
3 30154 1 0 0 28780 29106 29448
3 30180 1 0 0 26773 25452 30154
4 30626 0 0 0 30280 30323 30414
4 30597 0 0 0 30422 30216 30414
4 30199 1 0 0 30323 30499 30597
4 30199 1 0 0 30280 30641 30597
4 30597 0 0 0 30199 30280 30164
4 30597 0 0 0 30199 30280 30166
4 30597 0 0 0 30180 30280 30166
4 30597 0 0 0 30546 30323 30164
4 30597 0 0 0 30546 30323 30166
4 30597 0 0 0 30199 30417 30164
4 30597 0 0 0 30199 30417 30166
4 30465 0 0 0 30199 30323 30414
4 30597 0 0 0 30422 30216 18843
4 30199 1 0 0 30414 30626 30597
4 30161 1 0 0 30154 30727 30156
4 30140 0 0 0 30629 30414 30597
4 30465 0 0 0 30216 30388 30154
4 30632 1 0 0 30154 30597 30156
4 30216 0 0 0 30388 30280 30199
4 30149 0 0 0 30159 30280 30494
4 30280 0 0 0 30585 30323 30626
4 30199 1 0 0 30280 30641 30465
4 30199 1 0 0 30449 30417 30597
4 30597 0 0 0 30199 30417 30323
4 30199 1 0 0 30323 26688 30597
4 30449 0 0 0 30417 28650 30199
4 30465 0 0 0 30216 30388 30417
4 30597 0 0 0 30199 30323 2222
4 30199 1 0 0 30388 30323 30597
4 30465 0 0 0 30199 30323 30164
4 30597 0 0 0 30711 30323 30166
4 30465 0 0 0 30199 30323 30166
4 30597 0 0 0 30199 30280 30414
4 30199 1 0 0 30589 30323 30597
4 30154 1 0 0 30140 30629 30404
4 30494 0 0 0 30520 30507 30597
4 30385 0 0 0 30280 30323 30166
4 30199 1 0 0 30280 30323 30597
4 29928 1 0 0 0 0 30216
4 30199 1 0 0 30414 30404 30597
4 30597 0 0 0 30199 30388 30166
4 30626 0 0 0 30216 30388 30166
4 30161 1 0 0 30154 30724 30156
4 30199 1 0 0 30323 26041 30597
4 30233 1 0 0 30154 30597 30156
4 30597 0 0 0 30199 30417 6428
4 30597 0 0 0 30199 30529 30166
4 30280 0 0 0 30641 30323 30199
4 30597 0 0 0 30199 30414 30166
4 30199 1 0 0 30216 30388 30465
4 30626 0 0 0 30216 30388 30414
4 30388 0 0 0 30280 30323 30216
4 30165 1 0 1 30154 30727 30156
4 30199 1 0 0 30449 30323 30597
4 30280 0 0 0 30585 30323 30180
4 30597 0 0 0 30422 30216 30166
4 30597 0 0 0 30422 30216 30154
4 30546 0 0 0 30323 30499 30597
4 30199 1 0 0 30280 30323 30465
4 30199 1 0 0 30216 30388 30597
4 30626 0 0 0 30280 30323 30166
4 30614 1 1 0 30414 30529 30199
4 30595 1 0 0 30154 30597 30156
4 30597 0 0 0 30230 30323 30166
4 30199 1 0 0 30417 26041 30597
4 30180 1 0 0 30323 30499 30597
4 30465 0 0 0 30199 30280 30166
4 30199 1 0 0 30280 30417 30597
4 30597 0 0 0 30199 30323 18843
4 30199 1 0 0 30323 30467 30597
4 30180 1 0 0 30593 30128 30597
4 30597 0 0 0 30199 30449 30414
4 30216 0 0 0 30388 30323 30465
4 30216 0 0 0 30388 30323 30422
4 30422 0 0 0 30280 30323 30201
4 30216 0 0 0 30388 30280 30626
4 30246 1 0 0 30154 30465 30156
4 30597 0 0 0 30199 30323 30414
4 30597 0 0 0 30140 30629 30166
4 30280 0 0 0 30323 30499 30626
4 30388 0 0 0 30280 30417 30216
4 30597 0 0 0 30199 30449 30164
4 30597 0 0 0 30199 30449 30166
4 30597 0 0 0 30199 30449 30154
4 30597 0 0 0 30180 30414 30164
4 30161 1 0 0 30154 30547 30156
4 30156 1 0 0 30161 30154 30199
4 30422 0 0 0 30323 27099 30201
4 30597 0 0 0 30199 30417 28816
4 30494 0 0 0 30149 30159 30597
4 30465 0 0 0 30180 30280 30166
4 30422 0 0 0 30216 30388 30597
4 30199 1 0 0 0 0 30597
4 30414 0 0 0 30180 30323 30199
4 30546 0 0 0 30280 30323 30597
4 30597 0 0 0 30199 30323 30164
4 30597 0 0 0 30199 30323 30166
4 30180 1 0 0 30280 30323 30597
4 30597 0 0 0 30304 30323 30166
4 30199 1 0 0 30414 30180 30465
4 30597 0 0 0 30180 30323 30166
4 30597 0 0 0 30180 30323 30164
4 30199 1 0 0 30156 30161 30597
4 30199 1 0 0 30323 30488 30597
4 30597 0 0 0 30199 30417 30520
4 30156 1 0 0 30404 30154 30597
4 30597 0 0 0 30494 30417 6428
4 30180 1 0 0 30323 26782 30597
4 30180 1 0 0 30414 30199 30465
4 30199 1 0 0 30323 26563 30597
4 30199 1 0 0 30323 26782 30597
4 30199 1 0 0 30280 30585 30597
4 30199 1 0 0 30414 30180 30597
4 30465 0 0 0 30180 30323 30166
4 30404 1 0 0 30414 30199 30597
4 30154 1 0 0 30727 30156 30165
4 30216 0 0 0 30388 30417 30422
4 30597 0 0 0 30546 30323 28816
4 30216 0 0 0 30388 30417 30199
4 30597 0 0 0 30199 30323 30370
4 30199 1 0 0 30585 30323 30597
4 30546 0 0 0 30323 26688 30597
4 30597 0 0 0 30422 30216 28816
4 30199 1 0 0 30641 30323 30597
4 30404 1 0 0 30154 30140 30156
4 30626 0 0 0 30280 30585 30166
4 30216 0 0 0 30388 30280 30465
4 30597 0 0 0 30546 30280 30166
4 30597 0 0 0 30303 30323 30166
4 30597 0 0 0 30180 30323 30414
4 30216 0 0 0 30388 30280 30422
4 30465 0 0 0 30199 30417 30166
5 30597 0 0 0 30494 30149 30154
5 30597 0 0 0 30059 30414 30166
5 29201 0 0 0 30338 30546 30699
5 30597 0 0 0 30199 30301 30164
5 30597 0 0 0 30199 30301 30166
5 30149 0 0 0 30159 30280 30494
5 28322 1 1 0 28917 29144 30597
5 30287 0 0 0 30328 28588 30597
5 30597 0 0 0 30709 30323 30166
5 30199 1 0 0 30301 30417 30597
5 29084 1 1 0 30417 25584 30597
5 30199 1 0 0 30301 30280 30597
5 30597 0 0 0 30301 30323 30166
5 30597 0 0 0 30301 30323 30164
5 30338 0 0 0 30199 30280 30278
5 30338 0 0 0 30199 30280 29201
5 30338 0 0 0 30546 28373 29201
5 29201 0 0 0 30338 30180 30166
5 30597 0 0 0 29847 30323 30166
5 30338 0 0 0 30180 30280 30278
5 29201 0 0 0 30338 30199 30166
5 29201 0 0 0 30338 30199 30164
5 30338 0 0 0 30180 30280 29201
5 30597 0 0 0 30059 30323 30164
5 30597 0 0 0 30059 30323 30166
5 30278 0 0 0 30338 30180 30164
5 30278 0 0 0 30338 30180 30166
5 30338 0 0 0 30180 30414 30278
5 28917 1 0 0 29144 29201 28322
5 30280 0 0 0 30209 30323 30199
5 30199 1 0 0 30280 30209 30338
5 30494 0 0 0 30149 30159 30597
5 30546 0 0 0 30280 28373 30338
5 30199 1 0 0 28907 28283 30597
5 29201 0 0 0 30338 30546 30164
5 29201 0 0 0 30338 30546 30166
5 30546 0 0 0 30280 30209 30338
5 30278 0 0 0 30338 30710 30164
5 30709 1 1 0 29201 30338 30166
5 30199 1 0 0 30301 30323 30597
5 30597 0 0 0 30199 30301 30414
5 30338 0 0 0 30546 30280 29201
5 30278 0 0 0 30338 30199 30166
5 30278 0 0 0 30338 30199 30164
5 29847 1 1 0 30417 25584 30597
