0 18843 0 0 0 30175 0 25452 0
0 10539 0 0 0 28373 0 30423 0
0 6428 0 0 0 30597 4 28373 0
0 24858 0 0 0 30154 0 28650 3
0 10040 0 0 0 2286 0 8680 0
0 10003 0 0 0 21732 0 0 null
0 30209 0 0 0 6428 0 6642 0
0 30323 0 0 0 6996 0 2477 0
0 28373 0 0 0 30520 0 7799 0
0 14500 0 0 0 13047 0 0 null
0 30164 1 0 0 24288 0 30323 0
0 28373 0 0 0 30417 0 24996 3
0 30587 0 0 0 30338 4 7702 0
0 15670 0 0 0 15084 0 13910 0
0 26399 0 0 0 30522 0 30164 0
0 30323 0 0 0 11947 0 3033 0
0 30164 1 0 0 30180 5 28699 3
0 30499 0 0 0 26439 0 30156 0
0 25996 0 0 0 24886 0 25422 0
0 268 0 0 0 13910 0 30164 0
0 13853 0 0 0 7169 0 0 null
0 6428 0 0 0 29973 5 30597 4
0 30203 0 0 0 28381 0 28377 0
0 30164 1 0 0 1952 0 25577 0
0 10040 0 0 0 11590 0 15084 0
0 28373 0 0 0 10040 0 2824 0
0 30156 1 0 0 298 0 30154 0
0 30172 1 1 0 30617 0 30194 0
0 30417 0 0 0 14110 0 28373 0
0 8877 1 0 0 0 null 30166 0
0 28373 0 0 0 30417 0 25102 0
0 30520 0 0 0 2824 0 26399 0
0 30166 1 0 0 14096 0 11019 0
0 28373 0 0 0 6428 0 30164 0
0 28373 0 0 0 30417 0 30156 0
0 8348 0 0 0 28373 0 30323 0
0 28373 0 0 0 2808 0 30520 0
0 30209 0 0 0 21732 0 0 null
0 30164 1 0 0 12309 0 0 null
0 18135 0 0 0 19377 0 30164 0
0 28896 0 0 0 30209 0 19377 0
0 30164 1 0 0 3955 0 0 null
0 21091 0 0 0 30571 0 2222 0
0 30209 0 0 0 30164 0 30597 4
0 2096 1 0 0 0 null 30166 0
0 30417 0 0 0 18654 0 21522 0
0 30164 1 0 0 4113 0 10171 0
0 30323 0 0 0 26782 3 22741 3
0 26727 1 0 0 0 null 30166 0
0 30520 0 0 0 15002 0 15037 0
0 10040 0 0 0 11590 0 5646 0
0 1574 1 0 0 0 null 30166 0
0 30209 0 0 0 30323 0 15084 0
0 13910 0 0 0 30417 0 30499 0
0 30209 0 0 0 26399 0 14034 0
0 2001 0 0 0 9407 0 0 null
0 30417 0 0 0 26041 0 9407 0
0 30166 1 0 0 30571 0 661 0
0 5581 0 0 0 28414 0 28373 0
0 30164 1 0 0 27146 0 26248 0
0 30323 0 0 0 25577 0 2222 0
0 30417 0 0 0 29215 3 28373 0
0 30417 0 0 0 16514 0 0 null
0 28373 0 0 0 6428 0 2961 0
0 30520 0 0 0 3204 0 26399 0
0 28360 1 0 0 25683 0 28359 0
0 30166 1 0 0 28941 0 30338 4
0 30417 0 0 0 30499 0 28373 0
0 30520 0 0 0 26661 0 2085 0
0 30414 0 0 0 26867 1 30417 0
0 10040 0 0 0 2824 0 2446 0
0 28993 1 0 0 0 null 30166 0
0 30499 0 0 0 28373 0 26656 0
0 10040 0 0 0 12021 0 1908 0
0 3546 1 0 0 0 null 30166 0
0 12309 1 0 0 0 null 30166 0
0 26506 0 0 0 2085 0 30520 0
0 28373 0 0 0 30417 0 24856 0
0 30417 0 0 0 13390 0 25255 0
0 30209 0 0 0 19377 0 6964 0
0 6428 0 0 0 30532 5 30597 4
0 28816 0 0 0 27736 0 23379 0
0 30154 1 0 0 30597 4 30422 4
0 30499 0 0 0 26929 3 28373 0
0 28373 0 0 0 6428 0 6627 0
0 30417 0 0 0 6058 0 6139 0
0 30166 1 0 0 30488 0 28769 0
0 30323 0 0 0 30164 0 30156 0
0 28373 0 0 0 24635 0 998 0
0 13416 0 0 0 28373 0 5799 0
0 30467 0 0 0 30417 0 30499 0
0 30154 1 0 0 30278 5 30338 4
0 30323 0 0 0 30180 5 24881 3
0 28373 0 0 0 30417 0 6938 0
0 28373 0 0 0 30323 0 30499 0
0 30417 0 0 0 25376 3 26348 3
0 30417 0 0 0 9050 0 28373 0
0 30499 0 0 0 28373 0 10040 0
0 1837 1 0 0 0 null 30166 0
0 30323 0 0 0 5436 0 2085 0
0 6924 1 0 0 0 null 30166 0
0 23771 0 0 0 8476 0 1908 0
0 28373 0 0 0 26656 0 22235 0
0 12450 0 0 0 27138 3 26688 3
0 27148 0 0 0 30323 0 30597 4
0 28373 0 0 0 30417 0 26968 0
0 30417 0 0 0 75 0 30174 0
0 26506 0 0 0 2085 0 5060 0
0 23599 0 0 0 28373 0 2222 0
0 30209 0 0 0 6428 0 2961 0
0 30156 1 0 0 25991 3 30154 0
0 30209 0 0 0 30323 0 5594 0
0 30166 1 0 0 11400 0 28560 3
0 28373 0 0 0 30323 0 13585 0
0 28373 0 0 0 13667 0 30520 0
0 30166 1 0 0 30467 1 26193 0
0 6428 0 0 0 8585 0 30323 0
0 26656 0 0 0 20883 0 2222 0
0 28816 0 0 0 4337 0 2222 0
0 13397 0 0 0 1908 0 0 null
0 30414 0 0 0 30180 5 24881 3
0 28373 0 0 0 30423 0 30164 0
0 29841 0 0 0 6428 0 30689 0
0 6428 0 0 0 30689 0 18843 0
0 30154 1 0 0 28372 0 25503 0
0 30417 0 0 0 14341 0 28373 0
0 30417 0 0 0 6830 0 9407 0
0 30154 1 0 0 30172 0 28560 3
0 30156 1 0 0 29640 1 30154 0
0 7129 0 0 0 21732 0 0 null
0 2207 0 0 0 28373 0 30323 0
0 28373 0 0 0 18843 0 30597 4
0 30597 0 0 0 28373 0 30417 0
0 30164 1 0 0 2754 0 0 null
0 30166 1 0 0 25584 0 30338 4
0 30414 0 0 0 24288 0 30323 0
0 25934 0 0 0 25727 0 6760 0
0 30417 0 0 0 6938 0 28188 0
0 28373 0 0 0 5116 0 21091 0
0 3316 1 0 0 0 null 30166 0
0 6938 0 0 0 28373 0 26656 0
0 26439 0 0 0 10171 0 30417 0
0 27076 0 0 0 10171 0 30520 0
0 30417 0 0 0 18654 0 28373 0
0 30417 0 0 0 18654 0 28769 0
0 3801 0 0 0 30520 0 5452 0
0 13853 0 0 0 13910 0 30164 0
0 9945 0 0 0 30164 0 30597 4
0 28373 0 0 0 30417 0 14948 0
0 26688 0 0 0 28373 0 30417 0
0 30417 0 0 0 2653 0 28373 0
0 19374 0 0 0 21732 0 0 null
0 30417 0 0 0 7585 0 28373 0
0 28816 0 0 0 26041 0 29579 1
0 4981 1 0 0 0 null 30166 0
0 2315 0 0 0 26399 0 14034 0
0 30417 0 0 0 30499 0 26656 0
0 30166 1 0 0 30254 0 30323 0
0 2085 0 0 0 30520 0 541 0
0 27736 0 0 0 2085 0 15712 0
0 30156 1 0 0 28895 1 30154 0
0 30209 0 0 0 30414 0 30164 0
0 28373 0 0 0 9945 0 30323 0
0 10334 1 0 0 0 null 30166 0
0 30323 0 0 0 9153 0 4611 0
0 28816 0 0 0 4396 0 26399 0
0 30166 1 0 0 26041 0 30180 5
0 28414 0 0 0 28373 0 30417 0
0 30417 0 0 0 25934 0 28373 0
0 12713 0 0 0 30164 0 30156 0
0 30414 0 0 0 30164 0 30156 0
0 30417 0 0 0 2001 0 25017 0
0 10040 0 0 0 11050 0 28373 0
0 30417 0 0 0 30175 0 25452 0
0 5799 0 0 0 8476 0 2446 0
0 14845 0 0 0 28613 5 28816 0
0 30414 0 0 0 28941 0 28373 0
0 30156 1 0 0 30472 1 30154 0
0 30417 0 0 0 30499 0 10040 0
0 24624 0 0 0 30209 0 30164 0
0 30499 0 0 0 26439 0 30417 0
0 30164 1 0 0 26867 1 30164 0
0 30154 1 0 0 29021 0 30154 0
0 30338 0 0 0 28373 0 30417 0
0 30209 0 0 0 2441 0 30164 0
0 28414 0 0 0 28373 0 30164 0
0 6428 0 0 0 6642 0 2222 0
0 30323 0 0 0 75 0 26506 0
0 30414 0 0 0 30626 4 30216 5
0 30156 1 0 0 29229 4 30154 0
0 28373 0 0 0 30417 0 7988 0
0 30424 0 0 0 28373 0 30417 0
0 30194 0 0 0 30203 0 30280 0
0 6167 0 0 0 9407 0 0 null
0 28373 0 0 0 7702 0 30417 0
0 28373 0 0 0 30417 0 6668 0
0 30414 0 0 0 26620 0 25422 0
0 30417 0 0 0 25584 0 30303 4
0 2073 0 0 0 26782 3 2222 0
0 10040 0 0 0 3988 0 15084 0
0 30488 0 0 0 26563 1 30472 1
0 30338 0 0 0 30199 4 30417 0
0 30164 1 0 0 12880 0 0 null
0 25774 0 0 0 30180 5 24881 3
0 26600 0 0 0 13910 0 30417 0
0 30154 1 0 0 28650 3 26688 3
0 30166 1 0 0 30597 4 30494 4
0 30164 1 0 0 22926 1 30164 0
0 26656 0 0 0 1404 0 30174 0
0 10040 0 0 0 15670 0 30414 0
0 30417 0 0 0 1308 0 194 0
0 30520 0 0 0 30486 0 9945 0
0 30164 1 0 0 11813 0 30164 0
0 30127 0 0 0 30460 0 30209 0
0 2618 1 0 0 0 null 30166 0
0 30587 0 0 0 30338 4 19070 0
0 30164 1 0 0 11405 0 0 null
0 28373 0 0 0 30417 0 13390 0
0 30414 0 0 0 25106 3 28816 0
0 26688 0 0 0 30417 0 4136 0
0 27995 0 0 0 28360 0 25683 0
0 26731 0 0 0 28690 0 28613 5
0 30520 0 0 0 3204 0 15037 0
0 28993 1 0 0 30154 0 26731 0
0 30164 1 0 0 10334 0 0 null
0 28373 0 0 0 30417 0 10359 0
0 30571 0 0 0 661 0 30522 0
0 30203 0 0 0 29781 4 0 null
0 12021 0 0 0 2446 0 30164 0
0 28373 0 0 0 30323 0 26627 1
0 18843 0 0 0 30597 4 30199 4
0 15084 0 0 0 7169 0 0 null
0 28373 0 0 0 30530 0 30597 4
0 30154 1 0 0 25102 0 27148 3
0 3033 0 0 0 2857 0 1574 0
0 28373 0 0 0 26656 0 6789 0
0 19377 0 0 0 30164 0 30156 0
0 15084 0 0 0 6194 0 30164 0
0 28373 0 0 0 30323 0 30488 0
0 25854 0 0 0 30243 3 26205 3
0 28373 0 0 0 30520 0 25832 0
0 30209 0 0 0 28816 0 3985 0
0 30520 0 0 0 2057 0 21732 0
0 30166 1 0 0 30597 4 30344 0
0 2222 0 0 0 30499 0 26439 0
0 28373 0 0 0 30417 0 25774 1
0 10040 0 0 0 11074 0 9506 0
0 2222 0 0 0 2223 0 30164 0
0 30499 0 0 0 26439 0 26193 0
0 30338 0 0 0 30199 4 30414 0
0 10040 0 0 0 11074 0 15084 0
0 28373 0 0 0 30417 0 26563 1
0 30156 1 0 0 30632 3 30154 0
0 30164 1 0 0 30180 5 24881 3
0 9626 1 0 0 0 null 30166 0
0 30417 0 0 0 2057 0 28373 0
0 30414 0 0 0 30164 0 25106 3
0 28373 0 0 0 18843 0 30582 0
0 15670 0 0 0 13853 0 7169 0
0 995 0 0 0 2446 0 30164 0
0 10040 0 0 0 2824 0 1908 0
0 28373 0 0 0 30520 0 30486 0
0 26729 0 0 0 30338 4 30414 0
0 26656 0 0 0 10139 0 2222 0
0 30417 0 0 0 13416 0 28373 0
0 13442 1 0 0 0 null 30166 0
0 15037 0 0 0 9945 0 30164 0
0 30209 0 0 0 30164 0 30180 5
0 27146 0 0 0 26248 0 26293 3
0 15895 1 0 0 0 null 30166 0
0 30166 1 0 0 5592 0 12188 0
0 1099 1 0 0 0 null 30166 0
0 327 1 0 0 0 null 30166 0
0 6280 1 0 0 0 null 30166 0
0 28373 0 0 0 30571 0 30522 0
0 18135 0 0 0 19377 0 30156 0
0 26506 0 0 0 19374 0 2222 0
0 27096 0 0 0 28373 0 30323 0
0 30499 0 0 0 30317 0 30281 3
0 10675 1 0 0 0 null 30166 0
0 2085 0 0 0 30520 0 9697 0
0 30417 0 0 0 9259 0 28373 0
0 18654 0 0 0 28373 0 30323 0
0 30520 0 0 0 3204 0 2222 0
0 30154 1 0 0 30191 3 30617 0
0 30156 1 0 0 25106 3 30154 0
0 30166 1 0 0 9153 0 26399 0
0 21741 1 0 0 0 null 30166 0
0 28373 0 0 0 30164 0 2754 0
0 2446 0 0 0 4113 0 10171 0
0 30338 0 0 0 28373 0 30423 0
0 30166 1 0 0 30156 0 648 0
0 15037 0 0 0 9945 0 30417 0
0 30460 0 0 0 30209 0 30520 0
0 28373 0 0 0 30323 0 26782 3
0 2223 0 0 0 30522 0 30164 0
0 25503 1 1 1 30164 0 30172 0
0 25261 0 0 0 24812 0 28816 0
0 30417 0 0 0 18654 0 28643 5
0 30166 1 0 0 23379 0 30417 0
0 30488 0 0 0 30180 5 24881 3
0 26399 0 0 0 30499 0 26439 0
0 30164 1 0 0 30465 4 30180 5
0 9153 0 0 0 30722 0 26399 0
0 1916 1 0 0 0 null 30166 0
0 639 1 0 0 0 null 30166 0
0 28373 0 0 0 30164 0 12055 0
0 28373 0 0 0 30520 0 4646 0
0 28373 0 0 0 26656 0 1404 0
0 30520 0 0 0 15182 0 26399 0
0 28373 0 0 0 6428 0 6642 0
0 4390 0 0 0 438 0 0 null
0 30154 1 0 0 30440 1 30338 4
0 4826 1 0 0 0 null 30166 0
0 10040 0 0 0 11074 0 2446 0
0 24886 0 0 0 25422 0 8669 0
0 26399 0 0 0 425 0 0 null
0 6428 0 0 0 30532 5 29388 0
0 5158 0 0 0 16656 1 14503 0
0 30417 0 0 0 13888 0 28373 0
0 30156 1 0 0 679 0 66 0
0 1858 1 0 0 0 null 30166 0
0 4470 1 0 0 0 null 30166 0
0 30154 1 0 0 28589 0 30164 0
0 28373 0 0 0 30417 0 2207 0
0 11074 0 0 0 2446 0 30164 0
0 18342 0 0 0 8476 0 1908 0
0 30154 1 0 0 26688 3 30417 0
0 5689 1 0 0 0 null 30166 0
0 30209 0 0 0 30417 0 30488 0
0 30209 0 0 0 10040 0 11590 0
0 28373 0 0 0 30323 0 25854 0
0 625 0 0 0 28373 0 26656 0
0 30154 1 0 0 30597 4 30444 4
0 13922 0 0 0 6229 0 8323 0
0 28188 1 0 0 30520 0 27148 3
0 30166 1 0 0 30597 4 30363 0
0 30156 1 0 0 26867 1 30154 0
0 30166 1 0 0 30570 4 30414 0
0 28373 0 0 0 30417 0 26198 0
0 28373 0 0 0 30417 0 6167 0
0 25584 0 0 0 30338 4 30199 4
0 9506 0 0 0 26248 0 26293 3
0 30291 1 0 0 0 null 30166 0
0 6428 0 0 0 30514 0 2085 0
0 14330 0 0 0 30414 0 30164 0
0 9180 0 0 0 1858 0 0 null
0 30417 0 0 0 29757 0 25452 0
0 28373 0 0 0 28816 0 25354 0
0 30323 0 0 0 30414 0 30156 0
0 26399 0 0 0 2223 0 30164 0
0 30417 0 0 0 12015 0 28373 0
0 26399 0 0 0 30499 0 30411 2
0 15670 0 0 0 15084 0 438 0
0 30323 0 0 0 995 0 26399 0
0 30154 1 0 0 30597 4 30199 4
0 30164 1 0 0 30172 0 30417 0
0 30417 0 0 0 429 0 28373 0
0 28373 0 0 0 10040 0 7448 0
0 10786 1 0 0 0 null 30166 0
0 30323 0 0 0 30722 0 30522 0
0 30164 1 0 0 1952 0 10171 0
0 30571 0 0 0 2132 0 10040 0
0 15670 0 0 0 15084 0 7169 0
0 28373 0 0 0 30520 0 10420 0
0 30414 0 0 0 30278 5 30338 4
0 28373 0 0 0 26656 0 30432 0
0 28816 0 0 0 30597 4 30199 4
0 541 0 0 0 23771 0 8476 0
0 30254 0 0 0 30323 0 30164 0
0 30254 0 0 0 30323 0 30414 0
0 12450 0 0 0 2085 0 30520 0
0 30565 1 0 1 30280 0 30417 0
0 26399 0 0 0 8680 0 0 null
0 438 1 0 0 0 null 30166 0
0 30164 1 0 0 30172 0 0 null
0 13031 0 0 0 29546 0 11507 0
0 25305 0 0 0 30323 0 30164 0
0 6428 0 0 0 30370 0 30597 4
0 30417 0 0 0 30597 4 30323 0
0 3212 1 0 1 0 null 30166 0
0 6428 0 0 0 2961 0 30164 0
0 13920 1 0 0 0 null 30166 0
0 30166 1 0 0 30156 0 679 0
0 30154 1 0 0 28650 3 29066 2
0 6428 0 0 0 30571 0 30522 0
0 6167 0 0 0 28373 0 26656 0
0 28373 0 0 0 30417 0 26456 1
0 30209 0 0 0 10040 0 15670 0
0 6668 1 0 0 0 null 30166 0
0 30209 0 0 0 30417 0 12518 0
0 30243 0 0 0 9668 0 0 null
0 30166 1 0 0 26729 0 30338 4
0 30164 1 0 0 30597 4 30404 4
0 28373 0 0 0 30323 0 26777 0
0 9945 0 0 0 30323 0 30164 0
0 24827 1 0 0 30154 0 5885 0
0 24288 0 0 0 30323 0 30414 0
0 30414 0 0 0 30164 0 26041 0
0 30156 1 0 0 28928 0 30154 0
0 30520 0 0 0 3204 0 4611 0
0 18654 0 0 0 9407 0 0 null
0 30166 1 0 0 30467 1 30317 0
0 30417 0 0 0 26041 0 25516 0
0 29036 1 1 0 30154 0 26001 0
0 2031 1 0 0 0 null 30166 0
0 30323 0 0 0 2824 0 4611 0
0 3033 0 0 0 2857 0 2223 0
0 2446 0 0 0 30164 0 1952 0
0 26041 0 0 0 29579 1 30417 0
0 28560 0 0 0 10171 0 30417 0
0 14424 1 0 0 0 null 30166 0
0 18342 0 0 0 8476 0 2446 0
0 26656 0 0 0 1404 0 4762 0
0 30417 0 0 0 30499 0 26929 3
0 30156 1 0 0 25557 3 30154 0
0 22334 1 0 0 0 null 30166 0
0 30417 0 0 0 30488 0 27026 1
0 9032 1 0 0 0 null 30166 0
0 5880 1 0 0 0 null 30166 0
0 26293 0 0 0 5476 0 0 null
0 30417 0 0 0 13416 0 9407 0
0 28373 0 0 0 30417 0 30414 0
0 24886 0 0 0 25422 0 30323 0
0 6428 0 0 0 29973 5 4611 0
0 995 0 0 0 1908 0 0 null
0 30417 0 0 0 26041 0 30164 0
0 30417 0 0 0 25518 0 30209 0
0 30299 0 0 0 30446 0 6428 0
0 19377 0 0 0 1822 0 30164 0
0 30164 1 0 0 2057 0 21732 0
0 12021 0 0 0 13853 0 438 0
0 7585 0 0 0 28373 0 30323 0
0 30417 0 0 0 12117 0 28414 0
0 30209 0 0 0 19377 0 13397 0
0 25577 0 0 0 9407 0 0 null
0 8793 0 0 0 14389 0 0 null
0 28373 0 0 0 30164 0 30156 0
0 648 1 1 0 66 0 24827 1
0 25817 0 0 0 28245 3 30417 0
0 26656 0 0 0 26506 0 15037 0
0 27524 0 0 0 28373 0 30417 0
0 30209 0 0 0 30417 0 30499 0
0 30414 0 0 0 30465 4 30180 5
0 30417 0 0 0 26041 0 30417 0
0 30174 1 0 0 9819 0 0 null
0 6229 0 0 0 3241 0 0 null
0 30166 1 0 0 25996 0 25870 0
0 2754 1 0 0 0 null 30166 0
0 3402 1 0 0 0 null 30166 0
0 28373 0 0 0 10040 0 2441 0
0 28941 0 0 0 30338 4 30417 0
0 30323 0 0 0 30414 0 30164 0
0 30571 0 0 0 30522 0 30154 0
0 26041 0 0 0 28373 0 26656 0
0 26248 0 0 0 26293 3 5476 0
0 30417 0 0 0 26041 0 28816 0
0 30417 0 0 0 26041 0 30414 0
0 30166 1 0 0 30499 0 30411 2
0 30571 0 0 0 30522 0 30156 0
0 2286 0 0 0 8680 0 0 null
0 30414 0 0 0 29215 3 30338 4
0 26041 0 0 0 28373 0 10040 0
0 10040 0 0 0 14528 0 1908 0
0 30363 0 0 0 30565 5 29781 4
0 30323 0 0 0 30164 0 30414 0
0 30166 1 0 0 30499 0 26439 0
0 30323 0 0 0 75 0 2008 0
0 10171 0 0 0 21732 0 0 null
0 75 0 0 0 9407 0 0 null
0 30522 0 0 0 30164 0 30597 4
0 30372 0 0 0 30697 0 30417 0
0 30164 1 0 0 30278 5 30338 4
0 30166 1 0 0 30597 4 30230 5
0 30417 0 0 0 13442 0 0 null
0 6058 0 0 0 30209 0 30323 0
0 30417 0 0 0 5581 0 9407 0
0 5285 0 0 0 28373 0 30520 0
0 12880 1 0 0 0 null 30166 0
0 28373 0 0 0 30323 0 10040 0
0 28373 0 0 0 30417 0 25792 0
0 22895 1 1 0 30414 0 28329 0
0 30417 0 0 0 10040 0 6428 0
0 28373 0 0 0 30417 0 26041 0
0 30520 0 0 0 27148 3 30323 0
0 30164 1 0 0 30172 0 30164 0
0 8654 1 0 0 0 null 30166 0
0 30209 0 0 0 4762 0 5060 0
0 30417 0 0 0 25287 0 28373 0
0 30156 1 0 0 25558 0 30154 0
0 7658 0 0 0 30425 0 19595 0
0 13679 0 0 0 1858 0 0 null
0 16514 1 0 0 0 null 30166 0
0 30209 0 0 0 2222 0 9945 0
0 6996 0 0 0 2477 0 14728 0
0 26782 0 0 0 2085 0 30520 0
0 9660 0 0 0 28373 0 30323 0
0 11590 0 0 0 1908 0 0 null
0 30166 1 0 0 30597 4 30227 3
0 30417 0 0 0 20155 0 25704 0
0 30209 0 0 0 30520 0 30164 0
0 10040 0 0 0 14696 0 2446 0
0 1351 1 0 0 0 null 30166 0
0 28329 1 0 0 8380 0 0 null
0 2008 0 0 0 30209 0 11931 0
0 30488 0 0 0 27026 1 28373 0
0 30166 1 0 0 30273 1 30180 5
0 30156 1 0 0 29175 0 30154 0
0 28373 0 0 0 30417 0 9050 0
0 28373 0 0 0 30417 0 25658 0
0 28373 0 0 0 30323 0 26506 0
0 30194 0 0 0 29380 3 30417 0
0 30520 0 0 0 2290 0 2222 0
0 28373 0 0 0 30417 0 15620 0
0 28373 0 0 0 10037 0 30164 0
0 30154 1 0 0 28329 0 27769 0
0 29880 0 0 0 28373 0 8923 0
0 2446 0 0 0 1952 0 10171 0
0 24521 0 0 0 30209 0 1923 0
0 28373 0 0 0 8517 0 30164 0
0 28373 0 0 0 10040 0 14696 0
0 30417 0 0 0 19595 0 30164 0
0 30166 1 0 0 9506 0 26248 0
0 30520 0 0 0 2057 0 30323 0
0 30486 0 0 0 9945 0 30164 0
0 28373 0 0 0 995 0 1908 0
0 30520 0 0 0 26661 0 2222 0
0 30164 1 0 0 30156 0 30180 5
0 28816 0 0 0 30597 4 30180 5
0 8454 0 0 0 1908 0 0 null
0 2446 0 0 0 30164 0 30499 0
0 28373 0 0 0 30323 0 10192 0
0 30156 1 0 0 25013 3 30154 0
0 6428 0 0 0 625 0 28816 0
0 1358 1 0 0 0 null 30166 0
0 30166 1 0 0 25871 0 30338 4
0 28373 0 0 0 30164 0 7232 0
0 30323 0 0 0 30488 0 30180 5
0 30323 0 0 0 75 0 20883 0
0 26656 0 0 0 22235 0 15037 0
0 28373 0 0 0 30164 0 3955 0
0 3988 0 0 0 15084 0 438 0
0 30243 0 0 0 27701 0 5118 0
0 4966 1 0 0 0 null 30166 0
0 10040 0 0 0 12021 0 2446 0
0 1692 1 1 0 66 0 24827 1
0 28816 0 0 0 25354 0 15037 0
0 26041 0 0 0 30414 0 25934 0
0 30571 0 0 0 2222 0 2223 0
0 29781 1 0 0 0 null 30166 0
0 1365 1 0 0 0 null 30166 0
0 28373 0 0 0 7535 0 12147 0
0 25203 0 0 0 28373 0 30417 0
0 2222 0 0 0 30488 0 25774 1
0 30209 0 0 0 30323 0 30414 0
0 18654 0 0 0 21522 0 0 null
0 13416 0 0 0 9407 0 0 null
0 28373 0 0 0 995 0 2446 0
0 4265 1 0 0 0 null 30166 0
0 11947 0 0 0 3033 0 2857 0
0 26176 0 0 0 21134 0 30555 0
0 14096 0 0 0 11019 0 30209 0
0 28816 0 0 0 5223 0 26399 0
0 28373 0 0 0 30417 0 25518 0
0 30156 1 0 0 29271 0 30154 0
0 10040 0 0 0 11515 0 28373 0
0 30174 1 0 0 6807 0 0 null
0 30417 0 0 0 25774 1 26087 0
0 23379 0 0 0 30417 0 6938 0
0 26656 0 0 0 75 0 30209 0
0 13667 0 0 0 1858 0 0 null
0 26439 0 0 0 28373 0 30417 0
0 30571 0 0 0 661 0 30156 0
0 30417 0 0 0 30499 0 26916 0
0 28373 0 0 0 30417 0 18654 0
0 30209 0 0 0 30323 0 30164 0
0 30323 0 0 0 30251 0 25870 0
0 30164 1 0 0 30587 0 30338 4
0 30209 0 0 0 12713 0 30164 0
0 30323 0 0 0 9153 0 26399 0
0 30417 0 0 0 4094 0 2222 0
0 30417 0 0 0 15348 0 2222 0
0 30203 0 0 0 30280 0 30417 0
0 10040 0 0 0 2824 0 26399 0
0 28373 0 0 0 28816 0 27736 0
0 26688 0 0 0 28373 0 30323 0
0 5581 0 0 0 9407 0 0 null
0 28816 0 0 0 30164 0 25305 0
0 25774 0 0 0 28650 3 26688 3
0 30417 0 0 0 30225 0 30209 0
0 3033 0 0 0 12910 0 2857 0
0 28560 0 0 0 6325 0 2125 0
0 30597 0 0 0 13910 0 30417 0
0 29271 1 0 1 30154 0 30191 3
0 30520 0 0 0 9837 0 5060 0
0 9657 1 0 0 0 null 30166 0
0 28373 0 0 0 10040 0 30414 0
0 28373 0 0 0 30417 0 20155 0
0 29880 0 0 0 28373 0 30323 0
0 14704 1 0 0 0 null 30166 0
0 30414 0 0 0 26041 0 29579 1
0 30164 1 0 0 8877 0 0 null
0 30164 1 0 0 4102 0 0 null
0 298 1 0 0 30154 0 24813 0
0 20172 1 0 0 24827 1 30154 0
0 8210 0 0 0 6139 0 30209 0
0 28373 0 0 0 30520 0 4915 0
0 30488 0 0 0 25774 1 29579 1
0 8510 1 0 0 0 null 30166 0
0 30166 1 0 0 30626 4 30323 0
0 1952 0 0 0 25577 0 9407 0
0 10040 0 0 0 1404 0 4762 0
0 29215 0 0 0 30338 4 30417 0
0 2001 0 0 0 28373 0 5799 0
0 30323 0 0 0 28650 3 26688 3
0 4372 0 0 0 30522 0 30164 0
0 30417 0 0 0 7988 0 28373 0
0 26656 0 0 0 8734 0 26399 0
0 8091 0 0 0 30571 0 2132 0
0 26656 0 0 0 26506 0 2085 0
0 19070 0 0 0 28373 0 30417 0
0 28560 0 0 0 28373 0 30417 0
0 30164 1 0 0 26627 1 25774 1
0 30571 0 0 0 30522 0 30164 0
0 2222 0 0 0 30180 5 24881 3
0 26439 0 0 0 30417 0 18654 0
0 30417 0 0 0 30488 0 28373 0
0 26656 0 0 0 10539 0 28414 0
0 30417 0 0 0 30488 0 28769 0
0 30154 1 0 0 24859 3 28650 3
0 30417 0 0 0 26041 0 21333 0
0 30164 1 0 0 28650 3 26688 3
0 3315 1 0 0 0 null 30166 0
0 28373 0 0 0 30423 0 13416 0
0 30154 1 0 0 25594 1 29656 1
0 28373 0 0 0 30417 0 13922 0
0 30164 1 0 0 30597 4 30180 5
0 30520 0 0 0 541 0 26399 0
0 28613 0 0 0 28816 0 27736 0
0 26359 1 0 0 0 null 30166 0
0 16094 1 1 0 18923 0 13265 0
0 4707 1 0 0 0 null 30166 0
0 30323 0 0 0 26627 1 25774 1
0 30174 1 0 0 9297 0 0 null
0 7204 1 0 0 0 null 30166 0
0 30417 0 0 0 2001 0 9407 0
0 30520 0 0 0 2824 0 4611 0
0 1908 1 0 0 0 null 30166 0
0 14696 0 0 0 2446 0 30164 0
0 13853 0 0 0 438 0 0 null
0 30520 0 0 0 13012 0 30164 0
0 4840 0 0 0 21732 0 0 null
0 28373 0 0 0 30417 0 25934 0
0 30209 0 0 0 19377 0 13904 0
0 30323 0 0 0 30597 4 30180 5
0 28373 0 0 0 30417 0 8540 0
0 15670 0 0 0 30414 0 30164 0
0 75 0 0 0 20883 0 30209 0
0 8380 1 0 0 0 null 30166 0
0 1952 0 0 0 1858 0 0 null
0 28373 0 0 0 30520 0 5452 0
0 30417 0 0 0 26041 0 8669 0
0 28816 0 0 0 6534 0 30164 0
0 9945 0 0 0 28816 0 12117 0
0 30154 1 0 0 30273 1 28650 3
0 30166 1 0 0 30597 4 30386 5
0 30417 0 0 0 3630 0 30209 0
0 18654 0 0 0 28769 0 28373 0
0 30520 0 0 0 5276 0 2222 0
0 30166 1 0 0 30597 4 28373 0
0 14337 1 0 0 0 null 30166 0
0 268 0 0 0 7169 0 0 null
0 30417 0 0 0 15620 0 30164 0
0 30417 0 0 0 15620 0 30414 0
0 30571 0 0 0 661 0 30164 0
0 30323 0 0 0 15244 0 19374 0
0 28373 0 0 0 30417 0 26727 0
0 13910 0 0 0 30417 0 75 0
0 28373 0 0 0 30417 0 19452 1
0 8323 1 0 0 0 null 30166 0
0 26656 0 0 0 8734 0 15037 0
0 30414 0 0 0 30164 0 30180 5
0 28537 1 0 0 30154 0 25660 0
0 28373 0 0 0 10040 0 10234 0
0 24790 1 1 0 30154 0 494 0
0 28373 0 0 0 28816 0 4337 0
0 14669 0 0 0 30499 0 26439 0
0 4782 1 1 0 8510 0 0 null
0 30414 0 0 0 25934 0 25727 0
0 30209 0 0 0 28816 0 10927 0
0 5060 0 0 0 8680 0 0 null
0 30323 0 0 0 25577 0 4611 0
0 1707 1 0 0 0 null 30166 0
0 30414 0 0 0 30164 0 30570 4
0 3613 0 0 0 1858 0 0 null
0 28373 0 0 0 6428 0 30597 4
0 11646 1 0 0 0 null 30166 0
0 28373 0 0 0 30417 0 19595 0
0 30166 1 0 0 26563 1 30472 1
0 28740 1 0 1 30156 0 29036 0
0 30164 1 0 0 4840 0 21732 0
0 28373 0 0 0 30417 0 1308 0
0 30414 0 0 0 30164 0 28560 3
0 30414 0 0 0 30465 4 30199 4
0 30417 0 0 0 24856 0 30209 0
0 30417 0 0 0 30499 0 27736 0
0 30156 1 0 0 24790 0 30154 0
0 30323 0 0 0 25577 0 15037 0
0 28373 0 0 0 10040 0 1404 0
0 2085 0 0 0 30520 0 2205 0
0 30166 1 0 0 27076 1 18326 1
0 28373 0 0 0 26656 0 10139 0
0 30174 1 0 0 5775 0 0 null
0 28373 0 0 0 30417 0 23588 0
0 28373 0 0 0 30417 0 29757 0
0 30154 1 0 0 30180 5 26773 3
0 10040 0 0 0 11074 0 13922 0
0 30417 0 0 0 2057 0 9407 0
0 30251 0 0 0 24886 0 25422 0
0 11405 1 0 0 0 null 30166 0
0 30417 0 0 0 12495 0 28373 0
0 30417 0 0 0 94 0 30209 0
0 26656 0 0 0 27076 1 25774 1
0 6236 1 0 0 0 null 30166 0
0 8734 0 0 0 30571 0 2222 0
0 30323 0 0 0 5621 0 30209 0
0 10040 0 0 0 8454 0 2446 0
0 28373 0 0 0 5396 0 0 null
0 30323 0 0 0 26041 0 29579 1
0 30216 0 0 0 30388 5 18843 0
0 30417 0 0 0 14281 0 0 null
0 26399 0 0 0 30488 0 25774 1
0 30520 0 0 0 905 0 26399 0
0 28816 0 0 0 27736 0 26041 0
0 30417 0 0 0 29757 0 28373 0
0 4840 0 0 0 30323 0 30164 0
0 9668 1 0 0 0 null 30166 0
0 28373 0 0 0 30417 0 29880 1
0 6938 0 0 0 28373 0 30520 0
0 10171 0 0 0 10040 0 30414 0
0 30414 0 0 0 28650 3 26688 3
0 30156 1 0 0 131 0 30154 0
0 30164 1 0 0 4549 0 30164 0
0 28993 1 0 0 30154 0 28745 0
0 15670 0 0 0 10309 0 438 0
0 28373 0 0 0 26656 0 75 0
0 30194 0 0 0 29380 3 0 null
0 28373 0 0 0 25598 0 30323 0
0 8476 0 0 0 4390 0 5437 0
0 30323 0 0 0 26688 3 26439 0
0 25452 0 0 0 28373 0 30323 0
0 9506 0 0 0 8793 0 3967 0
0 30166 1 0 0 26041 0 30338 4
0 19377 0 0 0 30164 0 30597 4
0 28373 0 0 0 30323 0 18342 0
0 30164 1 0 0 11203 0 0 null
0 4396 0 0 0 1908 0 0 null
0 28560 0 0 0 9407 0 0 null
0 30417 0 0 0 26094 0 30209 0
0 5775 1 0 0 0 null 30166 0
0 30322 0 0 0 30338 4 28373 0
0 25774 0 0 0 9407 0 0 null
0 30488 0 0 0 25497 3 25727 0
0 30164 1 0 0 30156 0 28188 0
0 28373 0 0 0 30520 0 15992 0
0 28816 0 0 0 541 0 19377 0
0 30417 0 0 0 4977 0 28373 0
0 6229 0 0 0 3241 0 28816 0
0 5285 0 0 0 28373 0 12847 0
0 28373 0 0 0 15594 0 28816 0
0 254 1 0 0 0 null 30166 0
0 4611 0 0 0 9945 0 30164 0
0 25584 0 0 0 30647 5 30417 0
0 30164 1 0 0 26688 3 26439 0
0 2057 0 0 0 30323 0 30164 0
0 30209 0 0 0 5396 0 0 null
0 25518 0 0 0 30209 0 2222 0
0 10040 0 0 0 27138 3 26688 3
0 8187 0 0 0 8680 0 0 null
0 30166 1 0 0 30488 0 26563 1
0 28188 1 0 0 30154 0 27357 0
0 12713 0 0 0 30164 0 30597 4
0 30164 1 0 0 30465 4 30199 4
0 14899 0 0 0 9407 0 0 null
0 30417 0 0 0 6058 0 30209 0
0 28373 0 0 0 30323 0 5436 0
0 30417 0 0 0 10040 0 30379 0
0 12031 1 0 0 0 null 30166 0
0 30164 1 0 0 30421 1 28567 3
0 30156 1 0 0 30180 5 24881 3
0 29277 0 0 0 30209 0 30417 0
0 3742 0 0 0 1395 0 0 null
0 30164 1 0 0 10003 0 21732 0
0 4390 0 0 0 4852 0 0 null
0 13910 0 0 0 30164 0 14500 0
0 30154 1 0 0 30440 1 26762 3
0 28816 0 0 0 25774 1 26087 0
0 28373 0 0 0 30414 0 30156 0
0 30417 0 0 0 10040 0 18843 0
0 30166 1 0 0 30278 5 30565 5
0 30156 1 0 0 3415 0 30154 0
0 28373 0 0 0 24635 0 25345 0
0 30417 0 0 0 30170 0 28373 0
0 28373 0 0 0 30520 0 26661 0
0 18135 0 0 0 19377 0 30597 4
0 28373 0 0 0 9180 0 1858 0
0 541 0 0 0 3033 0 2857 0
0 905 0 0 0 2085 0 5060 0
0 30338 0 0 0 28373 0 30323 0
0 2258 0 0 0 14330 0 30323 0
0 10040 0 0 0 8454 0 1908 0
0 13853 0 0 0 6194 0 30164 0
0 4611 0 0 0 30597 4 28373 0
0 29277 0 0 0 30209 0 30164 0
0 28373 0 0 0 1952 0 30520 0
0 27024 1 1 1 30154 0 29021 0
0 30499 0 0 0 26439 0 30317 0
0 24858 0 0 0 30154 0 28560 3
0 10040 0 0 0 12354 0 28373 0
0 30164 1 0 0 25934 0 25727 0
0 30209 0 0 0 1923 0 5060 0
0 30154 1 0 0 0 null 30166 0
0 6428 0 0 0 14500 0 30164 0
0 30417 0 0 0 27091 0 19374 0
0 30166 1 0 0 30488 0 25774 1
0 13397 0 0 0 2446 0 30164 0
0 1631 1 0 0 0 null 30166 0
0 15676 0 0 0 30338 4 30199 4
0 28373 0 0 0 30520 0 26668 0
0 11400 0 0 0 28560 3 6325 0
0 30330 0 0 0 30598 0 21995 0
0 30164 1 0 0 30597 4 13910 0
0 30164 1 0 0 11050 0 21732 0
0 28373 0 0 0 14503 0 10270 0
0 20883 0 0 0 30209 0 1923 0
0 30488 0 0 0 26563 1 28373 0
0 3955 1 0 0 0 null 30166 0
0 30174 1 0 0 639 0 0 null
0 2057 0 0 0 9407 0 0 null
0 2085 0 0 0 30520 0 2216 0
0 30166 1 0 0 27138 3 26688 3
0 30209 0 0 0 19377 0 30164 0
0 30417 0 0 0 5581 0 28373 0
0 30423 0 0 0 25782 0 2222 0
0 28650 0 0 0 26688 3 28373 0
0 30323 0 0 0 28896 0 30209 0
0 30164 1 0 0 30172 0 28816 0
0 30156 1 0 0 30172 0 30154 0
0 30414 0 0 0 26688 3 26439 0
0 6194 0 0 0 30164 0 14500 0
0 30254 0 0 0 30323 0 30597 4
0 1952 0 0 0 25577 0 28373 0
0 3988 0 0 0 13853 0 438 0
0 20883 0 0 0 30209 0 11931 0
0 27148 0 0 0 30424 0 28373 0
0 30154 1 0 0 27099 3 28540 3
0 26293 0 0 0 22184 0 28373 0
0 15670 0 0 0 13853 0 13910 0
0 30417 0 0 0 2258 0 28373 0
0 25934 0 0 0 25727 0 28373 0
0 30323 0 0 0 29579 1 30417 0
0 661 0 0 0 30522 0 30164 0
0 30164 1 0 0 7022 0 0 null
0 28816 0 0 0 4337 0 26399 0
0 5437 1 0 0 0 null 30166 0
0 30417 0 0 0 11849 0 28373 0
0 28816 0 0 0 811 0 2222 0
0 30166 1 0 0 29201 0 30338 4
0 2222 0 0 0 10040 0 30164 0
0 20172 1 0 0 24857 0 30154 0
0 29626 0 0 0 30209 0 2222 0
0 30154 1 0 0 30414 0 28327 0
0 30417 0 0 0 6830 0 28373 0
0 541 0 0 0 8476 0 4390 0
0 28816 0 0 0 5581 0 28373 0
0 30166 1 0 0 28367 0 25659 0
0 30164 1 0 0 10492 0 0 null
0 30209 0 0 0 2222 0 30414 0
0 28373 0 0 0 28816 0 26041 0
0 30280 0 0 0 28373 0 30417 0
0 12674 1 0 0 0 null 30166 0
0 30156 1 0 0 1692 0 66 0
0 30323 0 0 0 10040 0 11590 0
0 30164 1 0 0 4840 0 30323 0
0 30209 0 0 0 2222 0 30164 0
0 28745 1 1 1 28946 5 28613 5
0 26041 0 0 0 28373 0 30520 0
0 30520 0 0 0 13397 0 2085 0
0 30417 0 0 0 26727 0 0 null
0 28373 0 0 0 1738 0 0 null
0 30417 0 0 0 10539 0 28373 0
0 30164 1 0 0 29579 1 30417 0
0 9945 0 0 0 28816 0 5581 0
0 5646 0 0 0 1908 0 0 null
0 9297 1 0 0 0 null 30166 0
0 29704 0 0 0 28373 0 30323 0
0 30417 0 0 0 1351 0 0 null
0 28816 0 0 0 26041 0 30180 5
0 30323 0 0 0 5436 0 30571 0
0 6854 1 0 0 0 null 30166 0
0 30414 0 0 0 28329 0 27769 0
0 30338 0 0 0 30180 5 30323 0
0 30499 0 0 0 26439 0 30472 1
0 26399 0 0 0 30180 5 24881 3
0 28373 0 0 0 28816 0 30414 0
0 30164 1 0 0 26423 3 30164 0
0 27524 0 0 0 28373 0 24635 0
0 30323 0 0 0 5436 0 4611 0
0 14845 0 0 0 28613 5 6428 0
0 25683 1 1 0 28359 0 30417 0
0 9459 1 0 0 0 null 30166 0
0 28941 0 0 0 30338 4 30199 4
0 23599 0 0 0 28373 0 26656 0
0 30417 0 0 0 9963 0 28373 0
0 30417 0 0 0 5285 0 28373 0
0 30164 1 0 0 30626 4 30280 0
0 6058 0 0 0 6139 0 30209 0
0 28373 0 0 0 30414 0 30164 0
0 14153 1 0 0 0 null 30166 0
0 4136 0 0 0 28373 0 2073 0
0 11282 1 0 0 0 null 30166 0
0 30164 1 0 0 30597 4 30709 5
0 6428 0 0 0 25287 0 30323 0
0 30164 1 0 0 30597 4 30199 4
0 21091 0 0 0 2222 0 7847 0
0 30154 1 0 0 25497 3 28560 3
0 28373 0 0 0 28816 0 25505 3
0 28373 0 0 0 13679 0 1858 0
0 30156 1 0 0 30173 1 30154 0
0 30499 0 0 0 26439 0 30323 0
0 15056 1 0 0 0 null 30166 0
0 30154 1 0 0 28331 0 25497 3
0 28359 1 0 0 0 null 30166 0
0 6428 0 0 0 30514 0 15037 0
0 28373 0 0 0 13193 0 30520 0
0 3630 0 0 0 9407 0 0 null
0 5060 0 0 0 9945 0 30164 0
0 30164 1 0 0 28329 0 27769 0
0 28373 0 0 0 30520 0 2057 0
0 30417 0 0 0 7693 0 28373 0
0 25870 0 0 0 28373 0 30323 0
0 30166 1 0 0 26439 0 28601 1
0 87 0 0 0 30323 0 9945 0
0 3988 0 0 0 15084 0 7169 0
0 30414 0 0 0 30597 4 30180 5
0 28816 0 0 0 10927 0 2222 0
0 28373 0 0 0 30417 0 18153 0
0 30417 0 0 0 18654 0 30414 0
0 30166 1 0 0 5285 0 28373 0
0 30424 0 0 0 28373 0 30323 0
0 30156 1 0 0 5167 0 16094 0
0 19374 0 0 0 2222 0 30156 0
0 28373 0 0 0 13679 0 30520 0
0 28373 0 0 0 30323 0 27076 1
0 30323 0 0 0 30488 0 27026 1
0 7308 1 0 0 0 null 30166 0
0 30166 1 0 0 30180 5 24881 3
0 30689 0 0 0 18843 0 30597 4
0 30414 0 0 0 30164 0 30597 4
0 26688 0 0 0 17158 0 30520 0
0 28373 0 0 0 30164 0 8860 0
0 26041 0 0 0 28373 0 6428 0
0 28373 0 0 0 30323 0 27078 1
0 30417 0 0 0 3801 0 30520 0
0 30164 1 0 0 30597 4 30059 4
0 8333 0 0 0 30571 0 4683 0
0 30209 0 0 0 19377 0 18135 0
0 26399 0 0 0 1574 0 0 null
0 25584 0 0 0 30414 0 28941 0
0 7702 0 0 0 30417 0 30499 0
0 28816 0 0 0 12147 0 15037 0
0 30499 0 0 0 28373 0 30414 0
0 20172 1 0 0 133 0 30154 0
0 28373 0 0 0 13667 0 1858 0
0 30166 1 0 0 30385 4 30280 0
0 28373 0 0 0 30323 0 75 0
0 30166 1 0 0 24288 0 30323 0
0 2222 0 0 0 30164 0 30156 0
0 26399 0 0 0 9945 0 30164 0
0 28373 0 0 0 30417 0 2258 0
0 28373 0 0 0 30417 0 29635 0
0 15037 0 0 0 27138 3 26688 3
0 30216 0 0 0 30388 5 28373 0
0 30254 0 0 0 21732 0 0 null
0 30166 1 0 0 30180 5 28699 3
0 26656 0 0 0 5424 0 2085 0
0 30338 0 0 0 30199 4 30323 0
0 30209 0 0 0 2222 0 30156 0
0 26293 0 0 0 22184 0 5396 0
0 2446 0 0 0 30164 0 12031 0
0 30164 1 0 0 7232 0 0 null
0 30164 1 0 0 8860 0 0 null
0 26041 0 0 0 30565 5 14669 0
0 30417 0 0 0 26041 0 6428 0
0 268 0 0 0 438 0 0 null
0 30499 0 0 0 28373 0 30164 0
0 28373 0 0 0 10040 0 541 0
0 2085 0 0 0 30520 0 12863 0
0 28816 0 0 0 3985 0 2222 0
0 30417 0 0 0 11187 0 28373 0
0 75 0 0 0 30209 0 1923 0
0 30417 0 0 0 25082 0 28373 0
0 30417 0 0 0 30499 0 30411 2
0 30571 0 0 0 661 0 30597 4
0 30166 1 0 0 26041 0 30218 0
0 28373 0 0 0 17158 0 30520 0
0 27524 0 0 0 13910 0 30417 0
0 30414 0 0 0 30626 4 30280 0
0 30166 1 0 0 27146 0 26248 0
0 30417 0 0 0 30499 0 26439 0
0 28373 0 0 0 2704 0 30520 0
0 30417 0 0 0 30499 0 30414 0
0 30417 0 0 0 30499 0 30164 0
0 30414 0 0 0 26436 3 30417 0
0 30166 1 0 0 30440 1 28540 3
0 28373 0 0 0 21732 0 0 null
0 28946 1 1 1 28613 5 6428 0
0 30323 0 0 0 13390 0 30411 2
0 6428 0 0 0 30713 0 30209 0
0 28373 0 0 0 30417 0 23056 0
0 30414 0 0 0 29579 1 30417 0
0 10040 0 0 0 541 0 8476 0
0 30488 0 0 0 30487 1 26867 1
0 24784 1 1 0 30154 0 30414 0
0 4113 0 0 0 2446 0 30164 0
0 30166 1 0 0 30626 4 30216 5
0 30164 1 0 0 10003 0 1395 0
0 30417 0 0 0 30499 0 30417 0
0 30520 0 0 0 27148 3 28373 0
0 18342 0 0 0 3033 0 8476 0
0 13265 1 0 0 14555 0 30154 0
0 30154 1 0 0 30465 4 30216 5
0 6428 0 0 0 30514 0 2222 0
0 10171 0 0 0 30414 0 30164 0
0 30323 0 0 0 94 0 30571 0
0 13397 0 0 0 8476 0 1908 0
0 28373 0 0 0 30323 0 15084 0
0 12096 0 0 0 8680 0 0 null
0 30156 1 0 0 28322 0 30154 0
0 28373 0 0 0 26656 0 10539 0
0 30156 1 0 0 648 0 66 0
0 28373 0 0 0 1269 0 0 null
0 12147 0 0 0 2085 0 30520 0
0 22628 1 0 0 0 null 30166 0
0 30445 1 0 0 30154 0 30363 0
0 10539 0 0 0 28414 0 28373 0
0 30209 0 0 0 30323 0 30597 4
0 6830 0 0 0 9407 0 0 null
0 26030 0 0 0 26439 0 28373 0
0 30520 0 0 0 8579 0 30520 0
0 30156 1 0 0 4549 0 30164 0
0 28816 0 0 0 13830 0 19377 0
0 30164 1 0 0 30597 4 30301 5
0 28373 0 0 0 30417 0 25800 1
0 30209 0 0 0 6428 0 30514 0
0 30154 1 0 0 3305 0 25261 3
0 26399 0 0 0 1952 0 25577 0
0 19374 0 0 0 30164 0 30156 0
0 30156 1 0 0 30445 5 30154 0
0 28373 0 0 0 14503 0 26627 1
0 14555 1 0 0 30154 0 0 null
0 7535 0 0 0 12147 0 2222 0
0 4604 0 0 0 24827 1 30154 0
0 2222 0 0 0 9945 0 30164 0
0 30156 1 0 0 24784 0 30154 0
0 30175 0 0 0 25452 0 30417 0
0 30323 0 0 0 12450 0 2085 0
0 6428 0 0 0 30597 4 30417 0
0 2446 0 0 0 30164 0 10334 0
0 30164 1 0 0 26439 0 30156 0
0 9819 1 0 0 0 null 30166 0
0 30417 0 0 0 3630 0 9407 0
0 30417 0 0 0 9564 0 28373 0
0 30156 1 0 0 28188 0 30154 0
0 8355 0 0 0 19070 0 28373 0
0 28373 0 0 0 30323 0 5594 0
0 30417 0 0 0 2096 0 0 null
0 30414 0 0 0 30156 0 28993 0
0 2222 0 0 0 8680 0 0 null
0 3458 1 0 0 0 null 30166 0
0 30417 0 0 0 28332 0 2222 0
0 8734 0 0 0 2085 0 30520 0
0 26201 1 0 0 30154 0 28329 0
0 30323 0 0 0 30597 4 30199 4
0 26656 0 0 0 26627 1 25774 1
0 30417 0 0 0 18654 0 9407 0
0 9609 0 0 0 26729 0 30338 4
0 30164 1 0 0 8355 0 19070 0
0 28373 0 0 0 10040 0 13137 0
0 28816 0 0 0 12147 0 2085 0
0 30423 0 0 0 25782 0 26399 0
0 30414 0 0 0 30164 0 30467 1
0 30154 1 0 0 26310 3 25452 0
0 30166 1 0 0 30330 0 30424 0
0 28373 0 0 0 30417 0 30597 4
0 30323 0 0 0 25817 0 29175 0
0 28372 1 1 0 25503 0 30164 0
0 30209 0 0 0 30520 0 9720 0
0 6428 0 0 0 30514 0 26399 0
0 30417 0 0 0 26041 0 30323 0
0 30156 1 0 0 25310 1 30154 0
0 5430 1 0 0 0 null 30166 0
0 15466 0 0 0 30191 3 22481 0
0 23379 0 0 0 18843 0 30597 4
0 28589 1 1 1 30164 0 30172 0
0 28373 0 0 0 30164 0 11813 0
0 30156 1 0 0 26052 0 30154 0
0 26497 0 0 0 3033 0 8476 0
0 30164 1 0 0 11813 0 28327 0
0 28373 0 0 0 10040 0 13132 0
0 2857 0 0 0 2223 0 30164 0
0 30417 0 0 0 27096 0 28373 0
0 9153 0 0 0 2446 0 30164 0
0 30323 0 0 0 30414 0 30597 4
0 28769 0 0 0 28373 0 30323 0
0 15670 0 0 0 13853 0 438 0
0 28816 0 0 0 29411 0 30571 0
0 2446 0 0 0 30164 0 7232 0
0 25584 0 0 0 30546 4 14669 0
0 10003 0 0 0 1395 0 0 null
0 30414 0 0 0 30597 4 30199 4
0 28373 0 0 0 30417 0 25026 0
0 2222 0 0 0 14034 0 30164 0
0 3297 1 0 1 0 null 30166 0
0 113 0 0 0 30414 0 2975 0
0 30323 0 0 0 25817 0 28245 3
0 21134 0 0 0 30555 0 30417 0
0 30166 1 0 0 30236 0 30012 0
0 28373 0 0 0 17158 0 15712 0
0 28373 0 0 0 30417 0 25025 0
0 11590 0 0 0 2446 0 8877 0
0 15620 0 0 0 8680 0 0 null
0 28373 0 0 0 8923 0 26439 0
0 28373 0 0 0 30417 0 11316 0
0 30520 0 0 0 2258 0 14330 0
0 30166 1 0 0 27076 1 25774 1
0 3033 0 0 0 8476 0 30164 0
0 28373 0 0 0 30417 0 10155 0
0 28373 0 0 0 12713 0 30164 0
0 30417 0 0 0 15155 0 28373 0
0 30417 0 0 0 6167 0 28373 0
0 10040 0 0 0 12021 0 30722 0
0 30209 0 0 0 18342 0 8476 0
0 30417 0 0 0 30571 0 30522 0
0 30417 0 0 0 30488 0 25774 1
0 2446 0 0 0 30164 0 12055 0
0 28373 0 0 0 30417 0 25584 0
0 30323 0 0 0 18342 0 4611 0
0 28373 0 0 0 5799 0 8476 0
0 30156 1 0 0 24858 0 30154 0
0 30172 1 1 0 0 null 30166 0
0 30417 0 0 0 6938 0 28373 0
0 30323 0 0 0 15244 0 28373 0
0 7179 0 0 0 28373 0 30323 0
0 30323 0 0 0 12450 0 26600 0
0 10580 0 0 0 24886 0 25422 0
0 30156 1 0 0 5883 0 30154 0
0 28373 0 0 0 4350 0 0 null
0 30156 1 0 0 16058 0 30154 0
0 30323 0 0 0 26041 0 30180 5
0 25584 0 0 0 30414 0 29215 3
0 30722 0 0 0 30522 0 30164 0
0 30499 0 0 0 29175 0 30417 0
0 2389 1 0 0 0 null 30166 0
0 19070 0 0 0 28373 0 1738 0
0 19377 0 0 0 1822 0 27138 3
0 28373 0 0 0 2441 0 30164 0
0 30156 1 0 0 26960 3 30154 0
0 28373 0 0 0 30323 0 30156 0
0 2001 0 0 0 2315 0 2850 0
0 26399 0 0 0 14034 0 30164 0
0 1738 1 0 0 0 null 30166 0
0 28245 1 1 1 30154 0 30172 0
0 30423 0 0 0 2001 0 2315 0
0 995 0 0 0 8476 0 2446 0
0 10234 0 0 0 1908 0 0 null
0 2001 0 0 0 28373 0 30164 0
0 30164 1 0 0 7342 0 30164 0
0 4350 1 0 0 0 null 30166 0
0 30520 0 0 0 7799 0 19377 0
0 4390 0 0 0 5437 0 0 null
0 2699 0 0 0 1858 0 0 null
0 30417 0 0 0 2001 0 28373 0
0 28816 0 0 0 30499 0 26439 0
0 28373 0 0 0 30323 0 12450 0
0 30417 0 0 0 30499 0 2808 0
0 30417 0 0 0 11316 0 30414 0
0 30209 0 0 0 2222 0 30180 5
0 30417 0 0 0 25584 0 28373 0
0 30323 0 0 0 12450 0 27138 3
0 3033 0 0 0 30571 0 8476 0
0 25558 1 1 1 30154 0 29021 0
0 30164 1 0 0 30254 0 30323 0
0 26968 0 0 0 10171 0 30417 0
0 10040 0 0 0 30278 5 30338 4
0 28373 0 0 0 30417 0 28332 0
0 28373 0 0 0 18843 0 30648 0
0 9407 1 0 0 0 null 28360 0
0 9153 0 0 0 1908 0 0 null
0 6428 0 0 0 30689 0 30417 0
0 28373 0 0 0 30323 0 25102 0
0 10792 1 0 0 0 null 30166 0
0 30417 0 0 0 13390 0 15026 0
0 30417 0 0 0 10252 0 28373 0
0 28373 0 0 0 30417 0 30488 0
0 30154 1 0 0 28458 2 29066 2
0 2001 0 0 0 8680 0 0 null
0 13416 0 0 0 438 0 0 null
0 30417 0 0 0 25584 0 14669 0
0 30166 1 0 0 30597 4 29847 5
0 8476 0 0 0 2446 0 30164 0
0 10040 0 0 0 30520 0 5452 0
0 30166 1 0 0 24886 0 25422 0
0 28373 0 0 0 30417 0 26237 0
0 28740 1 0 1 30180 5 24881 3
0 30417 0 0 0 25774 1 10040 0
0 28373 0 0 0 28816 0 3985 0
0 30166 1 0 0 30278 5 30338 4
0 12021 0 0 0 1908 0 0 null
0 30189 0 0 0 30414 0 30424 0
0 28373 0 0 0 30423 0 2001 0
0 28816 0 0 0 25305 0 30323 0
0 30209 0 0 0 3742 0 30164 0
0 10576 1 0 0 0 null 30166 0
0 26656 0 0 0 28896 0 30209 0
0 12055 1 0 0 0 null 30166 0
0 26399 0 0 0 1952 0 10171 0
0 10040 0 0 0 11590 0 30722 0
0 2808 0 0 0 30571 0 661 0
0 27995 0 0 0 30417 0 2001 0
0 5358 0 0 0 9945 0 30164 0
0 30164 1 0 0 25774 1 26087 0
0 30417 0 0 0 30596 0 30209 0
0 18453 0 0 0 1858 0 0 null
0 30597 0 0 0 13910 0 30323 0
0 27107 1 0 0 0 null 30166 0
0 30414 0 0 0 25774 1 26087 0
0 6938 0 0 0 9407 0 0 null
0 2222 0 0 0 30414 0 30164 0
0 10303 0 0 0 11590 0 1908 0
0 28373 0 0 0 30417 0 25305 0
0 25660 1 1 0 30164 0 30172 0
0 4396 0 0 0 2446 0 30164 0
0 30414 0 0 0 29757 0 25452 0
0 6428 0 0 0 7241 0 30520 0
0 3630 0 0 0 28373 0 30323 0
0 30209 0 0 0 19377 0 3733 0
0 30209 0 0 0 30571 0 2222 0
0 25774 0 0 0 26087 0 28373 0
0 24955 0 0 0 21732 0 0 null
0 30417 0 0 0 19595 0 2222 0
0 15527 1 0 0 0 null 30166 0
0 30417 0 0 0 11479 0 28373 0
0 28373 0 0 0 30323 0 2824 0
0 66 1 0 0 24827 1 30154 0
0 30417 0 0 0 75 0 9407 0
0 30571 0 0 0 30522 0 30597 4
0 30417 0 0 0 12354 0 28373 0
0 28373 0 0 0 18843 0 23239 0
0 5436 0 0 0 30571 0 26399 0
0 24394 0 0 0 30417 0 30499 0
0 30417 0 0 0 25774 1 9407 0
0 30417 0 0 0 7629 0 28373 0
0 3102 1 0 0 0 null 30166 0
0 30417 0 0 0 14899 0 9407 0
0 30209 0 0 0 28816 0 12147 0
0 30520 0 0 0 2258 0 3577 0
0 30209 0 0 0 30417 0 26688 3
0 22890 1 0 0 0 null 30166 0
0 30209 0 0 0 30520 0 905 0
0 19374 0 0 0 2085 0 30520 0
0 28373 0 0 0 30164 0 30597 4
0 28373 0 0 0 30417 0 785 0
0 30417 0 0 0 13390 0 26776 3
0 1731 1 0 0 0 null 30166 0
0 995 0 0 0 8476 0 1908 0
0 28373 0 0 0 30323 0 10602 0
0 30417 0 0 0 2690 0 0 null
0 30417 0 0 0 75 0 28730 0
0 30154 1 0 0 9506 0 26248 0
0 21732 1 0 0 0 null 30166 0
0 28373 0 0 0 30417 0 27148 3
0 30166 1 0 0 25584 0 30546 4
0 30156 1 0 0 12952 0 30154 0
0 12117 0 0 0 9407 0 0 null
0 30166 1 0 0 30597 4 30156 0
0 28816 0 0 0 15351 0 2085 0
0 28373 0 0 0 30323 0 13390 0
0 28373 0 0 0 30417 0 625 0
0 26656 0 0 0 26506 0 2222 0
0 28373 0 0 0 30417 0 25823 3
0 30166 1 0 0 25248 0 15037 0
0 15390 1 0 0 0 null 30166 0
0 7232 1 0 0 0 null 30166 0
0 2824 0 0 0 1908 0 0 null
0 28373 0 0 0 19377 0 1822 0
0 30166 1 0 0 30597 4 30404 4
0 10040 0 0 0 2824 0 30414 0
0 28373 0 0 0 10040 0 11590 0
0 28816 0 0 0 10927 0 26399 0
0 30166 1 0 0 30597 4 30155 5
0 26656 0 0 0 5424 0 2222 0
0 5060 0 0 0 30597 4 30199 4
0 30417 0 0 0 3801 0 6428 0
0 2222 0 0 0 28650 3 26688 3
0 28373 0 0 0 30520 0 25774 1
0 28816 0 0 0 30449 3 2085 0
0 22184 0 0 0 5396 0 0 null
0 30209 0 0 0 2085 0 30520 0
0 24886 0 0 0 25422 0 28373 0
0 19374 0 0 0 1923 0 5060 0
0 11203 1 0 0 0 null 30166 0
0 75 0 0 0 29626 0 30209 0
0 30323 0 0 0 12450 0 30467 1
0 2446 0 0 0 30164 0 10492 0
0 28373 0 0 0 30520 0 905 0
0 30520 0 0 0 15002 0 2222 0
0 13853 0 0 0 9407 0 0 null
0 30166 1 0 0 30597 4 30546 4
0 15084 0 0 0 9407 0 0 null
0 30164 1 0 0 14500 0 13047 0
0 30209 0 0 0 6428 0 30532 5
0 30520 0 0 0 13397 0 26399 0
0 27091 0 0 0 19374 0 30164 0
0 30417 0 0 0 5922 0 0 null
0 16058 1 0 1 30154 0 3305 0
0 4102 1 0 0 0 null 30166 0
0 30520 0 0 0 23599 1 28373 0
0 28373 0 0 0 6428 0 5901 0
0 30417 0 0 0 11684 0 28373 0
0 5922 1 0 0 0 null 30166 0
0 30425 0 0 0 30164 0 30156 0
0 6167 0 0 0 28373 0 30423 0
0 28324 0 0 0 28373 0 30323 0
0 30156 1 0 0 26201 0 30154 0
0 30323 0 0 0 75 0 21995 0
0 13922 0 0 0 6229 0 3241 0
0 30209 0 0 0 30520 0 4889 0
0 30417 0 0 0 6167 0 9407 0
0 2085 0 0 0 30520 0 6996 0
0 14696 0 0 0 3033 0 2857 0
0 30156 1 0 0 16011 0 30154 0
0 26041 0 0 0 9407 0 0 null
0 15084 0 0 0 438 0 0 null
0 30156 1 0 0 29036 0 30154 0
0 94 0 0 0 30209 0 19377 0
0 30166 1 0 0 4396 0 4611 0
0 30164 1 0 0 28331 0 25497 3
0 28329 1 0 0 27769 0 28816 0
0 1364 1 0 0 0 null 30166 0
0 30417 0 0 0 30302 0 30209 0
0 30323 0 0 0 12450 0 2222 0
0 30166 1 0 0 3596 0 30472 1
0 28373 0 0 0 30323 0 9153 0
0 30417 0 0 0 10914 0 28373 0
0 30209 0 0 0 30520 0 27148 3
0 2085 0 0 0 30571 0 10946 0
0 10040 0 0 0 8990 0 13922 0
0 20883 0 0 0 30209 0 2222 0
0 28373 0 0 0 30164 0 30465 4
0 19377 0 0 0 18135 0 19377 0
0 30166 1 0 0 30587 0 30338 4
0 30520 0 0 0 2216 0 2222 0
0 30488 0 0 0 28769 0 28373 0
0 4611 0 0 0 30278 5 30338 4
0 28537 1 0 0 30154 0 28589 0
0 8566 1 0 0 0 null 30166 0
0 30417 0 0 0 6938 0 26656 0
0 10040 0 0 0 15670 0 13853 0
0 30280 0 0 0 9407 0 0 null
0 30417 0 0 0 12497 0 28373 0
0 30417 0 0 0 12531 0 28816 0
0 4113 0 0 0 10171 0 21732 0
0 26439 0 0 0 9407 0 0 null
0 25305 0 0 0 30323 0 9401 0
0 30499 0 0 0 26439 0 28601 1
0 30166 1 0 0 30251 0 25870 0
0 6428 0 0 0 4555 0 30323 0
0 30164 1 0 0 12055 0 0 null
0 30209 0 0 0 30520 0 18942 0
0 7448 0 0 0 3033 0 2857 0
0 26563 0 0 0 28373 0 30417 0
0 28373 0 0 0 2399 0 8476 0
0 30166 1 0 0 2001 0 2315 0
0 30379 0 0 0 4604 0 24827 1
0 30323 0 0 0 27099 3 28540 3
0 28816 0 0 0 8730 0 19377 0
0 5799 0 0 0 2446 0 30164 0
0 30417 0 0 0 10792 0 0 null
0 30154 1 0 0 30597 4 30494 4
0 30417 0 0 0 26458 0 28373 0
0 30414 0 0 0 30164 0 30488 0
0 30156 1 0 0 29130 2 30154 0
0 30154 1 0 0 30172 0 30617 0
0 20172 1 0 0 133 0 30164 0
0 30417 0 0 0 3630 0 28373 0
0 30417 0 0 0 10040 0 30520 0
0 28373 0 0 0 26656 0 26627 1
0 12893 1 0 0 0 null 30166 0
0 30166 1 0 0 29215 3 30338 4
0 10040 0 0 0 3988 0 268 0
0 30417 0 0 0 25345 0 28373 0
0 30166 1 0 0 30465 4 30180 5
0 30417 0 0 0 94 0 28373 0
0 30414 0 0 0 30164 0 25584 0
0 30156 1 0 0 29579 1 30154 0
0 30156 1 0 0 30161 0 30154 0
0 28373 0 0 0 15293 0 30571 0
0 5228 1 0 0 0 null 30166 0
0 30156 1 0 0 28073 3 30154 0
0 29757 0 0 0 25452 0 28373 0
0 28373 0 0 0 30414 0 30597 4
0 3144 0 0 0 30164 0 30597 4
0 30499 0 0 0 28373 0 30423 0
0 5476 1 0 0 0 null 30166 0
0 13124 1 0 0 0 null 30166 0
0 5691 0 0 0 19377 0 30164 0
0 30417 0 0 0 25026 0 28373 0
0 5799 0 0 0 1908 0 0 null
0 2222 0 0 0 425 0 0 null
0 30520 0 0 0 5243 0 30323 0
0 30417 0 0 0 9660 0 28373 0
0 30423 0 0 0 12198 0 0 null
0 28373 0 0 0 2222 0 8680 0
0 30209 0 0 0 28816 0 6534 0
0 30166 1 0 0 26041 0 28769 0
0 30194 0 0 0 30203 0 29781 4
0 30417 0 0 0 26720 0 25774 1
0 10303 0 0 0 4113 0 1908 0
0 30243 0 0 0 27506 0 28816 0
0 10040 0 0 0 12021 0 13853 0
0 28373 0 0 0 30520 0 9837 0
0 30166 1 0 0 25584 0 30414 0
0 28373 0 0 0 10040 0 15670 0
0 2446 0 0 0 30164 0 9506 0
0 29277 0 0 0 28329 0 0 null
0 26729 0 0 0 30338 4 28373 0
0 30209 0 0 0 30520 0 30486 0
0 2222 0 0 0 26439 0 30156 0
0 30417 0 0 0 25376 3 25774 1
0 12147 0 0 0 2222 0 30597 4
0 30166 1 0 0 26041 0 29579 1
0 19374 0 0 0 30414 0 30164 0
0 25362 1 1 0 30156 0 28537 3
0 541 0 0 0 8476 0 1908 0
0 10040 0 0 0 2441 0 30164 0
0 30417 0 0 0 12893 0 0 null
0 10040 0 0 0 15670 0 10309 0
0 75 0 0 0 26506 0 19374 0
0 27524 0 0 0 9407 0 0 null
0 10040 0 0 0 28650 3 26688 3
0 30414 0 0 0 28941 0 30338 4
0 30323 0 0 0 19377 0 18135 0
0 6428 0 0 0 30597 4 30199 4
0 30156 1 0 0 30657 0 30154 0
0 30520 0 0 0 26399 0 1952 0
0 5396 1 0 0 0 null 30166 0
0 30417 0 0 0 18654 0 30323 0
0 30166 1 0 0 30299 0 30446 0
0 30209 0 0 0 30323 0 30488 0
0 30417 0 0 0 4265 0 0 null
0 30199 1 0 0 0 null 30166 0
0 18923 1 0 0 13265 0 14555 0
0 28373 0 0 0 30417 0 75 0
0 30166 1 0 0 4549 0 30164 0
0 25203 0 0 0 30328 3 11073 0
0 28373 0 0 0 30417 0 27035 0
0 30166 1 0 0 15676 0 30424 0
0 12706 1 0 0 0 null 30166 0
0 25422 0 0 0 28373 0 30323 0
0 30164 1 0 0 25110 3 30164 0
0 30166 1 0 0 30597 4 13910 0
0 28116 0 0 0 28373 0 30323 0
0 30330 0 0 0 30424 0 28373 0
0 28373 0 0 0 26656 0 20883 0
0 30166 1 0 0 27078 1 30265 3
0 30417 0 0 0 27148 3 28373 0
0 30209 0 0 0 30417 0 25774 1
0 14170 1 0 0 0 null 30166 0
0 1952 0 0 0 10171 0 30417 0
0 11590 0 0 0 2446 0 30164 0
0 28373 0 0 0 18843 0 26688 3
0 28373 0 0 0 1832 0 2446 0
0 15676 0 0 0 30189 0 30414 0
0 2222 0 0 0 1574 0 0 null
0 11019 1 0 1 30209 0 30323 0
0 28373 0 0 0 30164 0 2057 0
0 30417 0 0 0 28332 0 26399 0
0 30414 0 0 0 30254 0 30323 0
0 25774 0 0 0 26087 0 29579 1
0 28560 0 0 0 8680 0 0 null
0 8517 0 0 0 30164 0 27138 3
0 30417 0 0 0 10576 0 0 null
0 30417 0 0 0 26041 0 28740 0
0 10040 0 0 0 30414 0 30164 0
0 12021 0 0 0 2446 0 8877 0
0 75 0 0 0 24521 0 30209 0
0 25203 0 0 0 30328 3 27936 5
0 14696 0 0 0 1908 0 0 null
0 6167 0 0 0 28373 0 28816 0
0 679 1 1 0 66 0 24827 1
0 10614 0 0 0 12095 0 30323 0
0 10040 0 0 0 6469 0 30164 0
0 25934 0 0 0 25727 0 27736 0
0 30713 0 0 0 30209 0 18843 0
0 30520 0 0 0 2216 0 15037 0
0 30520 0 0 0 24955 0 21732 0
0 30154 1 0 0 29021 0 28379 0
0 3015 1 0 0 0 null 30166 0
0 1888 0 0 0 21732 0 0 null
0 30209 0 0 0 2085 0 5060 0
0 28560 0 0 0 30414 0 30411 2
0 4396 0 0 0 8476 0 1908 0
0 756 1 0 0 0 null 30166 0
0 25577 0 0 0 28373 0 21732 0
0 28245 1 1 1 0 null 30166 0
0 30417 0 0 0 25774 1 28373 0
0 28373 0 0 0 30323 0 30180 5
0 30488 0 0 0 25774 1 26867 1
0 30323 0 0 0 10040 0 30379 0
0 30414 0 0 0 30164 0 30499 0
0 10171 0 0 0 30417 0 30499 0
0 10040 0 0 0 14180 0 30164 0
0 30254 0 0 0 30323 0 7702 0
0 2446 0 0 0 30164 0 4113 0
0 30689 0 0 0 30299 0 30446 0
0 30164 1 0 0 1888 0 21732 0
0 30166 1 0 0 30465 4 30199 4
0 10003 0 0 0 30323 0 30164 0
0 8517 0 0 0 30164 0 30467 1
0 30166 1 0 0 30597 4 30553 4
0 30166 1 0 0 30597 4 30699 5
0 5846 1 0 0 0 null 30166 0
0 14389 1 0 0 0 null 30166 0
0 28373 0 0 0 30323 0 11947 0
0 30280 0 0 0 30417 0 28560 3
0 30417 0 0 0 625 0 28373 0
0 28816 0 0 0 12147 0 2222 0
0 2399 0 0 0 2446 0 30164 0
0 18342 0 0 0 3033 0 2857 0
0 28816 0 0 0 30370 0 30597 4
0 28373 0 0 0 10040 0 6469 0
0 30417 0 0 0 14424 0 0 null
0 30164 1 0 0 30597 4 30494 4
0 30417 0 0 0 26912 1 28373 0
0 3988 0 0 0 268 0 438 0
0 30154 1 0 0 26244 3 30317 0
0 30417 0 0 0 30216 5 30388 5
0 28373 0 0 0 6428 0 7241 0
0 30520 0 0 0 30507 3 30338 4
0 30488 0 0 0 25774 1 30180 5
0 30166 1 0 0 28650 3 26688 3
0 30417 0 0 0 28732 3 30209 0
0 30414 0 0 0 30597 4 30494 4
0 28373 0 0 0 30417 0 14110 0
0 2446 0 0 0 30164 0 30156 0
0 30166 1 0 0 995 0 4611 0
0 30156 1 0 0 28424 3 30154 0
0 5285 0 0 0 28373 0 30323 0
0 5167 1 0 0 16094 0 18923 0
0 30164 1 0 0 7129 0 21732 0
0 30417 0 0 0 28941 0 28373 0
0 16011 1 0 0 30154 0 30243 3
0 28816 0 0 0 30571 0 30522 0
0 28373 0 0 0 5880 0 0 null
0 28373 0 0 0 30323 0 30164 0
0 28373 0 0 0 30323 0 30414 0
0 30417 0 0 0 26041 0 26656 0
0 30164 1 0 0 5689 0 0 null
0 30417 0 0 0 8540 0 0 null
0 3630 0 0 0 30209 0 30417 0
0 10040 0 0 0 15670 0 268 0
0 7055 1 0 0 0 null 30166 0
0 30417 0 0 0 30499 0 9407 0
0 30175 0 0 0 25452 0 30323 0
0 30467 0 0 0 13910 0 30417 0
0 26041 0 0 0 30218 0 30199 4
0 30166 1 0 0 30156 0 30180 5
0 28373 0 0 0 30417 0 2001 0
0 30156 1 0 0 28993 0 30154 0
0 393 0 0 0 3033 0 2857 0
0 30417 0 0 0 1229 0 28373 0
0 30254 0 0 0 30323 0 19374 0
0 30322 0 0 0 28373 0 30423 0
0 5621 0 0 0 3807 0 30209 0
0 28373 0 0 0 28816 0 30449 3
0 30156 1 0 0 27024 0 30154 0
0 2857 0 0 0 9945 0 30164 0
0 3814 0 0 0 26041 0 30338 4
0 30166 1 0 0 15676 0 30189 0
0 30209 0 0 0 6428 0 30164 0
0 30338 0 0 0 30199 4 26656 0
0 28373 0 0 0 30417 0 10040 0
0 30323 0 0 0 5594 0 30164 0
0 26293 0 0 0 22184 0 30414 0
0 30520 0 0 0 4889 0 10040 0
0 30164 1 0 0 12031 0 0 null
0 30417 0 0 0 26041 0 10040 0
0 30417 0 0 0 30639 0 28769 0
0 11590 0 0 0 15084 0 438 0
0 30280 0 0 0 28373 0 30323 0
0 30154 1 0 0 30363 0 30372 4
0 30209 0 0 0 18342 0 2446 0
0 30154 1 0 0 30243 3 27701 0
0 28360 1 0 0 324 0 7792 0
0 30417 0 0 0 14337 0 0 null
0 30414 0 0 0 26041 0 30180 5
0 28373 0 0 0 5799 0 1908 0
0 10040 0 0 0 4113 0 2446 0
0 2824 0 0 0 2446 0 30164 0
0 3478 0 0 0 10171 0 21732 0
0 30417 0 0 0 26095 3 25452 0
0 4021 0 0 0 30520 0 27736 0
0 30323 0 0 0 30164 0 10040 0
0 30520 0 0 0 26409 0 2222 0
0 30417 0 0 0 26359 0 0 null
0 30209 0 0 0 30323 0 30499 0
0 30209 0 0 0 1364 0 0 null
0 2223 0 0 0 30414 0 30164 0
0 30323 0 0 0 9945 0 30164 0
0 8454 0 0 0 2446 0 30164 0
0 28373 0 0 0 18843 0 8280 0
0 30164 1 0 0 25305 0 30323 0
0 30417 0 0 0 6938 0 9407 0
0 30449 0 0 0 2085 0 15712 0
0 10040 0 0 0 11590 0 13853 0
0 30722 0 0 0 1908 0 0 null
0 10040 0 0 0 11590 0 1908 0
0 30417 0 0 0 10612 0 0 null
0 29411 0 0 0 30571 0 4611 0
0 30156 1 0 0 26938 3 30154 0
0 66 1 0 0 20204 0 30154 0
0 30417 0 0 0 10359 0 0 null
0 15293 0 0 0 30571 0 661 0
0 28373 0 0 0 30417 0 30499 0
0 28373 0 0 0 30417 0 10576 0
0 30417 0 0 0 26688 3 28373 0
0 267 1 0 0 0 null 30166 0
0 26688 0 0 0 26439 0 30417 0
0 28373 0 0 0 30417 0 19106 1
0 2085 0 0 0 30520 0 21091 0
0 30154 1 0 0 25660 0 30164 0
0 2222 0 0 0 2223 0 10040 0
0 30417 0 0 0 7804 0 30209 0
0 23771 0 0 0 1908 0 0 null
0 2155 1 0 0 0 null 30166 0
0 30417 0 0 0 7179 0 28373 0
0 30166 1 0 0 26627 1 25774 1
0 10040 0 0 0 3988 0 4390 0
0 14528 0 0 0 1908 0 0 null
0 30323 0 0 0 12450 0 12117 0
0 30338 0 0 0 30199 4 28373 0
0 30520 0 0 0 30414 0 30164 0
0 30166 1 0 0 30156 0 28188 0
0 30417 0 0 0 1287 0 28373 0
0 30440 0 0 0 28373 0 30417 0
0 28373 0 0 0 10040 0 11074 0
0 10535 0 0 0 13679 0 30520 0
0 2857 0 0 0 1574 0 0 null
0 28373 0 0 0 30323 0 1532 0
0 13888 0 0 0 28373 0 30323 0
0 2808 0 0 0 30520 0 2258 0
0 28373 0 0 0 5799 0 2446 0
0 30363 0 0 0 30565 5 30280 0
0 6428 0 0 0 3315 0 0 null
0 25598 0 0 0 30323 0 75 0
0 28373 0 0 0 30520 0 9975 0
0 28373 0 0 0 30417 0 25854 0
0 30209 0 0 0 28816 0 9196 0
0 30166 1 0 0 30597 4 30422 4
0 30209 0 0 0 30417 0 26041 0
0 2222 0 0 0 30597 4 30199 4
0 10076 1 0 0 0 null 30166 0
0 28373 0 0 0 30164 0 10003 0
0 6406 1 0 0 4551 0 4803 0
0 30166 1 0 0 6406 0 4551 0
0 30323 0 0 0 30488 0 28769 0
0 28373 0 0 0 26656 0 26506 0
0 10040 0 0 0 11590 0 2446 0
0 28373 0 0 0 30417 0 7286 0
0 10171 0 0 0 30417 0 30488 0
0 30156 1 0 0 25559 0 30154 0
0 30417 0 0 0 30499 0 21333 0
0 28373 0 0 0 30323 0 1145 0
0 6807 1 0 0 0 null 30166 0
0 9072 0 0 0 30571 0 661 0
0 30520 0 0 0 25774 1 28650 3
0 26399 0 0 0 30414 0 30164 0
0 10234 0 0 0 2446 0 30164 0
0 30417 0 0 0 75 0 28373 0
0 30657 1 0 0 30154 0 30194 0
0 28373 0 0 0 4396 0 8476 0
0 4611 0 0 0 13390 0 30411 2
0 14281 1 0 0 0 null 30166 0
0 28769 0 0 0 28373 0 2073 0
0 30164 1 0 0 30597 4 30230 5
0 30417 0 0 0 13922 0 6229 0
0 11947 0 0 0 3033 0 8476 0
0 30323 0 0 0 12450 0 15037 0
0 30417 0 0 0 6668 0 0 null
0 30164 1 0 0 30499 0 26439 0
0 29175 1 0 0 30154 0 30194 0
0 13993 1 0 0 0 null 30166 0
0 30154 1 0 0 27036 0 26591 3
0 13397 0 0 0 2085 0 15712 0
0 30323 0 0 0 30499 0 30411 2
0 10309 0 0 0 438 0 0 null
0 30417 0 0 0 1952 0 28373 0
0 30154 1 0 0 26731 0 28690 0
0 30651 1 0 1 3027 0 30154 0
0 30166 1 0 0 26688 3 26439 0
0 30417 0 0 0 11400 0 28373 0
0 30323 0 0 0 30499 0 26439 0
0 3252 0 0 0 21134 0 30555 0
0 15044 1 0 0 0 null 30166 0
0 30166 1 0 0 25594 1 29656 1
0 30520 0 0 0 10003 0 21732 0
0 30520 0 0 0 905 0 2085 0
0 30417 0 0 0 26041 0 7535 0
0 30417 0 0 0 12706 0 0 null
0 30209 0 0 0 30164 0 30156 0
0 30417 0 0 0 30499 0 30322 3
0 12117 0 0 0 28414 0 28373 0
0 30520 0 0 0 4889 0 15712 0
0 30417 0 0 0 30499 0 30323 0
0 30520 0 0 0 13397 0 4611 0
0 28373 0 0 0 10040 0 2286 0
0 28373 0 0 0 26656 0 5581 0
0 30323 0 0 0 75 0 29626 0
0 28373 0 0 0 6428 0 30514 0
0 28329 1 0 0 0 null 30166 0
0 30417 0 0 0 30322 3 28373 0
0 30166 1 0 0 25960 3 30507 3
0 30338 0 0 0 30199 4 14669 0
0 11074 0 0 0 13922 0 6229 0
0 2258 0 0 0 9407 0 0 null
0 28373 0 0 0 30323 0 15244 0
0 10040 0 0 0 30597 4 30199 4
0 1952 0 0 0 8680 0 0 null
0 30166 1 0 0 10826 0 29880 1
0 9945 0 0 0 30164 0 26439 0
0 3577 0 0 0 30414 0 30164 0
0 30417 0 0 0 15348 0 26399 0
0 30323 0 0 0 10127 0 26399 0
0 28245 1 1 1 6428 0 30344 0
0 1395 1 0 0 0 null 30166 0
0 30499 0 0 0 26439 0 28245 3
0 5646 0 0 0 8476 0 1908 0
0 26399 0 0 0 30597 4 30199 4
0 18843 0 0 0 8280 0 2222 0
0 30417 0 0 0 2207 0 28373 0
0 10171 0 0 0 10040 0 2441 0
0 10040 0 0 0 3988 0 13853 0
0 25774 0 0 0 26087 0 30414 0
0 30424 0 0 0 28373 0 14669 0
0 30417 0 0 0 26237 0 10040 0
0 28816 0 0 0 27736 0 2222 0
0 10040 0 0 0 541 0 23771 0
0 30156 1 0 0 26470 3 30154 0
0 6310 1 0 0 0 null 30166 0
0 30154 1 0 0 28650 3 28358 3
0 2446 0 0 0 30414 0 30164 0
0 28373 0 0 0 6428 0 7799 0
0 10040 0 0 0 9153 0 2446 0
0 30417 0 0 0 26041 0 28373 0
0 30417 0 0 0 26041 0 28769 0
0 25559 1 1 1 30154 0 29021 0
0 19377 0 0 0 18342 0 26399 0
0 28373 0 0 0 2399 0 2446 0
0 30499 0 0 0 5430 0 0 null
0 12910 0 0 0 8476 0 1908 0
0 30323 0 0 0 26782 3 15037 0
0 30417 0 0 0 26237 0 28373 0
0 25774 0 0 0 26087 0 30417 0
0 30299 0 0 0 30446 0 30323 0
0 15037 0 0 0 30597 4 30199 4
0 9945 0 0 0 30417 0 19595 0
0 28373 0 0 0 30323 0 8644 0
0 2222 0 0 0 7847 0 30164 0
0 4611 0 0 0 30597 4 30199 4
0 6428 0 0 0 2961 0 15037 0
0 30166 1 0 0 30465 4 30323 0
0 12198 1 0 0 0 null 30166 0
0 5079 1 0 0 0 null 30166 0
0 28373 0 0 0 26030 0 26439 0
0 28373 0 0 0 30520 0 9720 0
0 28373 0 0 0 30323 0 30597 4
0 30166 1 0 0 26688 3 30417 0
0 28373 0 0 0 26656 0 248 0
0 2085 0 0 0 30571 0 15712 0
0 6475 1 0 0 0 null 30166 0
0 30166 1 0 0 30597 4 30180 5
0 30166 1 0 0 27076 1 26988 1
0 30363 0 0 0 30565 5 30176 0
0 28816 0 0 0 30449 3 2222 0
0 30323 0 0 0 2824 0 26399 0
0 30417 0 0 0 13108 0 28373 0
0 26041 0 0 0 30180 5 24881 3
0 30323 0 0 0 26782 3 26399 0
0 30166 1 0 0 29579 1 30417 0
0 30520 0 0 0 21091 0 2222 0
0 30323 0 0 0 15084 0 30156 0
0 30417 0 0 0 26094 0 30156 0
0 30417 0 0 0 29880 1 28373 0
0 30166 1 0 0 27148 3 30424 0
0 30520 0 0 0 2258 0 28373 0
0 29468 1 0 0 30154 0 30243 3
0 28373 0 0 0 30520 0 13012 0
0 6428 0 0 0 30254 0 30323 0
0 2085 0 0 0 30520 0 15002 0
0 30323 0 0 0 23379 0 30417 0
0 10040 0 0 0 30414 0 30597 4
0 10040 0 0 0 15670 0 15084 0
0 19374 0 0 0 30417 0 6167 0
0 26563 0 0 0 28373 0 30323 0
0 30209 0 0 0 1923 0 30520 0
0 20796 0 0 0 28373 0 30417 0
0 7342 0 0 0 1908 0 0 null
0 28373 0 0 0 30323 0 1953 0
0 30209 0 0 0 26656 0 1404 0
0 30156 1 0 0 18863 1 30154 0
0 27148 0 0 0 30323 0 26041 0
0 30166 1 0 0 25584 0 30303 4
0 8476 0 0 0 1908 0 0 null
0 30166 1 0 0 30597 4 30059 4
0 2477 0 0 0 14728 0 28359 0
0 30414 0 0 0 30499 0 30411 2
0 19374 0 0 0 1923 0 30520 0
0 30164 1 0 0 9506 0 26248 0
0 30417 0 0 0 12518 0 28373 0
0 30520 0 0 0 12430 0 4611 0
0 2085 0 0 0 30520 0 393 0
0 27096 0 0 0 30338 4 30180 5
0 30154 1 0 0 30180 5 24881 3
0 8184 1 0 0 0 null 30166 0
0 28373 0 0 0 30522 0 30164 0
0 30164 1 0 0 30273 1 30180 5
0 30417 0 0 0 26563 1 28373 0
0 30154 1 0 0 30180 5 28699 3
0 3033 0 0 0 2857 0 30156 0
0 30565 1 0 1 29781 4 0 null
0 29954 0 0 0 30417 0 30499 0
0 28373 0 0 0 30323 0 26728 1
0 2824 0 0 0 26399 0 1574 0
0 75 0 0 0 2008 0 30209 0
0 13910 0 0 0 30417 0 19595 0
0 2446 0 0 0 30164 0 8877 0
0 30520 0 0 0 10003 0 30323 0
0 30414 0 0 0 30499 0 26439 0
0 28373 0 0 0 10040 0 3988 0
0 30571 0 0 0 2222 0 30164 0
0 24624 0 0 0 30209 0 2222 0
0 3241 1 0 0 0 null 30166 0
0 30323 0 0 0 5436 0 26399 0
0 28373 0 0 0 19377 0 18135 0
0 30209 0 0 0 30520 0 4646 0
0 26656 0 0 0 8734 0 2085 0
0 28373 0 0 0 6428 0 25345 0
0 4726 0 0 0 30114 5 30323 0
0 30154 1 0 0 25323 3 30639 0
0 26041 0 0 0 30338 4 30199 4
0 26041 0 0 0 21522 0 0 null
0 30194 0 0 0 30363 0 30565 5
0 30520 0 0 0 3581 0 6428 0
0 28360 1 0 0 25787 0 28359 0
0 28816 0 0 0 5691 0 19377 0
0 18342 0 0 0 1908 0 0 null
0 30488 0 0 0 25774 1 26087 0
0 9945 0 0 0 30164 0 30156 0
0 26248 0 0 0 26293 3 22184 0
0 28373 0 0 0 30417 0 30639 0
0 30417 0 0 0 25584 0 30546 4
0 30209 0 0 0 30417 0 6167 0
0 6167 0 0 0 28373 0 30323 0
0 28373 0 0 0 30323 0 18153 0
0 30370 0 0 0 30597 4 30199 4
0 9153 0 0 0 30571 0 26399 0
0 30156 1 0 0 29468 0 30154 0
0 30154 1 0 0 29201 0 30338 4
0 4390 0 0 0 7169 0 0 null
0 425 1 0 0 0 null 30166 0
0 28816 0 0 0 30180 5 24881 3
0 7702 0 0 0 21732 0 0 null
0 30166 1 0 0 25817 0 28245 3
0 324 0 0 0 7792 0 28359 0
0 25584 0 0 0 30546 4 30417 0
0 4551 1 0 0 4803 0 8510 0
0 30417 0 0 0 13390 0 28373 0
0 26293 0 0 0 22184 0 28816 0
0 30363 0 0 0 30132 5 30697 0
0 30417 0 0 0 7055 0 0 null
0 28373 0 0 0 30417 0 4136 0
0 131 0 0 0 28360 0 25787 0
0 30520 0 0 0 393 0 3033 0
0 30166 1 0 0 4136 0 28769 0
0 28373 0 0 0 26656 0 5424 0
0 30164 1 0 0 30273 1 30172 0
0 30520 0 0 0 24955 0 30323 0
0 75 0 0 0 21995 0 30209 0
0 30499 0 0 0 9407 0 0 null
0 30520 0 0 0 5452 0 2222 0
0 30520 0 0 0 4347 0 10040 0
0 30209 0 0 0 30323 0 26782 3
0 10612 1 0 0 0 null 30166 0
0 26506 0 0 0 19374 0 1923 0
0 25518 0 0 0 30209 0 30164 0
0 30499 0 0 0 28373 0 30323 0
0 12155 1 0 0 0 null 30166 0
0 30520 0 0 0 541 0 2222 0
0 18453 0 0 0 1908 0 0 null
0 10040 0 0 0 14722 0 1952 0
0 2001 0 0 0 28373 0 995 0
0 30166 1 0 0 30597 4 30303 4
0 9945 0 0 0 30323 0 28896 0
0 28816 0 0 0 25354 0 2085 0
0 30166 1 0 0 30597 4 30304 4
0 30164 1 0 0 26041 0 30338 4
0 13842 1 0 0 0 null 30166 0
0 30164 1 0 0 6854 0 0 null
0 28373 0 0 0 30323 0 5621 0
0 2446 0 0 0 8877 0 0 null
0 30203 0 0 0 30280 0 28373 0
0 30520 0 0 0 10879 0 4611 0
0 30166 1 0 0 30597 4 30301 5
0 2057 0 0 0 21732 0 0 null
0 30164 1 0 0 30488 0 25497 3
0 3033 0 0 0 30571 0 2857 0
0 28373 0 0 0 3144 0 30164 0
0 10040 0 0 0 7448 0 8476 0
0 8348 0 0 0 28373 0 30417 0
0 6938 0 0 0 28373 0 30323 0
0 30154 1 0 0 28745 0 28946 5
0 30166 1 0 0 30597 4 30199 4
0 30414 0 0 0 30273 1 30180 5
0 28643 0 0 0 27387 0 30209 0
0 30164 1 0 0 11282 0 0 null
0 30164 1 0 0 1631 0 0 null
0 24408 1 0 0 0 null 30166 0
0 30164 1 0 0 15390 0 0 null
0 28816 0 0 0 3985 0 26399 0
0 30156 1 0 0 29297 3 30154 0
0 4113 0 0 0 1908 0 0 null
0 26506 0 0 0 19374 0 11931 0
0 27524 0 0 0 9401 0 2073 0
0 28373 0 0 0 30417 0 23239 0
0 30174 1 0 0 2155 0 0 null
0 2057 0 0 0 28373 0 28816 0
0 15244 0 0 0 19374 0 30414 0
0 10338 0 0 0 30425 0 6428 0
0 28373 0 0 0 30323 0 10270 0
0 1952 0 0 0 10171 0 21732 0
0 18342 0 0 0 2446 0 30164 0
0 30417 0 0 0 8205 0 28373 0
0 26506 0 0 0 19374 0 2085 0
0 30520 0 0 0 4889 0 30520 0
0 27096 0 0 0 30338 4 30199 4
0 7022 1 0 0 0 null 30166 0
0 30417 0 0 0 26041 0 30520 0
0 10535 0 0 0 13679 0 1858 0
0 30156 1 0 0 25003 3 30154 0
0 25934 0 0 0 24562 0 0 null
0 10040 0 0 0 15670 0 4390 0
0 2085 0 0 0 30520 0 1251 0
0 28373 0 0 0 6428 0 30532 5
0 30154 1 0 0 30194 0 30203 0
0 2824 0 0 0 8476 0 1908 0
0 10040 0 0 0 14696 0 23771 0
0 28414 0 0 0 9407 0 0 null
0 30166 1 0 0 13390 0 30411 2
0 30209 0 0 0 30414 0 30156 0
0 10040 0 0 0 13132 0 15084 0
0 30414 0 0 0 30626 4 30323 0
0 26087 1 0 0 0 null 30166 0
0 30273 0 0 0 30180 5 28699 3
0 26248 0 0 0 26293 3 22583 0
0 820 1 0 0 0 null 30166 0
0 21522 1 0 0 0 null 30166 0
0 30166 1 0 0 26041 0 30565 5
0 24288 0 0 0 21732 0 0 null
0 12450 0 0 0 2085 0 5060 0
0 8540 1 0 0 0 null 30166 0
0 28816 0 0 0 4337 0 2085 0
0 30164 1 0 0 25106 3 30164 0
0 30587 0 0 0 30338 4 30417 0
0 26688 0 0 0 26439 0 30472 1
0 28373 0 0 0 30323 0 25028 1
0 15244 0 0 0 19374 0 28816 0
0 30323 0 0 0 75 0 30209 0
0 28373 0 0 0 12847 0 10239 0
0 30323 0 0 0 75 0 3577 0
0 30166 1 0 0 27096 0 30338 4
0 30417 0 0 0 6938 0 8669 0
0 3604 1 0 0 0 null 30166 0
0 28373 0 0 0 30164 0 1952 0
0 30417 0 0 0 25934 0 25727 0
0 28373 0 0 0 30417 0 26688 3
0 8476 0 0 0 4390 0 4852 0
0 5116 0 0 0 21091 0 2222 0
0 28373 0 0 0 2085 0 30520 0
0 8942 0 0 0 1858 0 0 null
0 8176 0 0 0 2446 0 30164 0
0 30417 0 0 0 15620 0 28373 0
0 30164 1 0 0 27138 3 26688 3
0 30417 0 0 0 25584 0 30414 0
0 30417 0 0 0 3546 0 0 null
0 30414 0 0 0 30156 0 30273 1
0 28816 0 0 0 27736 0 26399 0
0 30520 0 0 0 21091 0 15037 0
0 28373 0 0 0 30520 0 4889 0
0 11050 0 0 0 21732 0 0 null
0 28373 0 0 0 995 0 8476 0
0 25871 0 0 0 30338 4 9528 0
0 19097 0 0 0 28613 5 28816 0
0 28373 0 0 0 2699 0 1858 0
0 30164 1 0 0 26968 0 10171 0
0 6428 0 0 0 30514 0 30571 0
0 28816 0 0 0 9196 0 2222 0
0 9407 1 0 0 0 null 30166 0
0 30417 0 0 0 4136 0 28373 0
0 4762 0 0 0 15084 0 438 0
0 30191 1 0 0 30617 0 30194 0
0 10040 0 0 0 15670 0 10485 0
0 25452 0 0 0 28373 0 30417 0
0 4136 0 0 0 28769 0 28373 0
0 25017 0 0 0 9407 0 0 null
0 26030 0 0 0 30467 1 30417 0
0 30417 0 0 0 30499 0 15026 0
0 4889 0 0 0 10040 0 26600 0
0 30166 1 0 0 25774 1 26087 0
0 30417 0 0 0 26968 0 26563 1
0 3033 0 0 0 2857 0 30164 0
0 3033 0 0 0 2857 0 30414 0
0 30417 0 0 0 5079 0 0 null
0 10040 0 0 0 12021 0 15084 0
0 30417 0 0 0 30488 0 9407 0
0 30323 0 0 0 13585 0 30164 0
0 75 0 0 0 30209 0 11931 0
0 28373 0 0 0 10040 0 12021 0
0 3305 0 0 0 25261 3 24812 0
0 10040 0 0 0 14696 0 8476 0
0 30417 0 0 0 6938 0 6428 0
0 9945 0 0 0 30164 0 28560 3
0 26656 0 0 0 22235 0 2222 0
0 30166 1 0 0 4726 0 30114 5
0 30323 0 0 0 30164 0 2754 0
0 28816 0 0 0 12117 0 28373 0
0 24562 1 0 0 0 null 30166 0
0 9945 0 0 0 30164 0 30180 5
0 2808 0 0 0 30520 0 3204 0
0 10040 0 0 0 3728 0 28373 0
0 30156 1 0 0 28245 3 30154 0
0 29757 0 0 0 30180 5 24881 3
0 29380 1 0 1 0 null 30166 0
0 13416 0 0 0 28373 0 995 0
0 28373 0 0 0 30417 0 7055 0
0 10359 1 0 0 0 null 30166 0
0 625 0 0 0 28373 0 30323 0
0 28373 0 0 0 30417 0 25376 3
0 4803 1 1 0 8510 0 0 null
0 28373 0 0 0 30520 0 27148 3
0 2446 0 0 0 30164 0 2057 0
0 6428 0 0 0 13442 0 0 null
0 30520 0 0 0 541 0 4611 0
0 30164 1 0 0 2389 0 0 null
0 30154 1 0 0 30295 3 30507 3
0 2441 0 0 0 30164 0 30597 4
0 10037 0 0 0 30164 0 30597 4
0 30166 1 0 0 30597 4 30709 5
0 4852 1 0 0 0 null 30166 0
0 30156 1 0 0 25913 0 30154 0
0 30156 1 0 0 2215 0 30154 0
0 30520 0 0 0 30486 0 10040 0
0 30164 1 0 0 30488 0 26563 1
0 30617 0 0 0 30194 0 30203 0
0 26041 0 0 0 28373 0 30323 0
0 30166 1 0 0 30626 4 30280 0
0 1269 1 0 0 0 null 30166 0
0 6428 0 0 0 30344 0 30597 4
0 541 0 0 0 3033 0 8476 0
0 28816 0 0 0 2948 0 26399 0
0 10171 0 0 0 30417 0 75 0
0 28816 0 0 0 25354 0 2222 0
0 25503 1 1 1 30164 0 30273 1
0 7702 0 0 0 30417 0 26041 0
0 28373 0 0 0 30520 0 18942 0
0 5799 0 0 0 8476 0 1908 0
0 30417 0 0 0 30499 0 25452 0
0 30414 0 0 0 30164 0 30278 5
0 30166 1 0 0 25362 3 30156 0
0 9401 0 0 0 2073 0 30164 0
0 24858 0 0 0 30154 0 5581 0
0 30414 0 0 0 25106 3 30417 0
0 28373 0 0 0 30520 0 10003 0
0 30417 0 0 0 10155 0 28373 0
0 10040 0 0 0 10303 0 4113 0
0 6428 0 0 0 7799 0 19377 0
0 10492 1 0 0 0 null 30166 0
0 30164 1 0 0 30488 0 25774 1
0 30338 0 0 0 7702 0 30323 0
0 30414 0 0 0 26041 0 30338 4
0 25774 0 0 0 30417 0 15348 0
0 30363 0 0 0 30372 4 30697 0
0 15084 0 0 0 13910 0 30164 0
0 16890 0 0 0 26656 0 8734 0
0 10040 0 0 0 2824 0 8476 0
0 30166 1 0 0 18135 0 19377 0
0 30154 1 0 0 30173 1 28259 1
0 18843 0 0 0 30465 4 30199 4
0 28373 0 0 0 26656 0 8734 0
0 30520 0 0 0 30597 4 30199 4
0 30520 0 0 0 2320 0 0 null
0 28373 0 0 0 30417 0 16514 0
0 9401 0 0 0 2073 0 30417 0
0 10914 0 0 0 30417 0 5581 0
0 30156 1 0 0 28537 3 30154 0
0 30323 0 0 0 26782 3 2222 0
0 30323 0 0 0 30488 0 25774 1
0 30414 0 0 0 30472 1 30417 0
0 30323 0 0 0 30571 0 30522 0
0 28373 0 0 0 10040 0 10303 0
0 30166 1 0 0 26563 1 26439 0
0 28373 0 0 0 4396 0 2446 0
0 13910 0 0 0 30164 0 4102 0
0 28373 0 0 0 30323 0 25577 0
0 30164 1 0 0 25025 0 26094 0
0 30166 1 0 0 26041 0 26439 0
0 19374 0 0 0 2085 0 5060 0
0 4870 1 0 0 0 null 30166 0
0 15620 0 0 0 9407 0 0 null
0 30417 0 0 0 15239 0 28373 0
0 30617 0 0 0 30194 0 30363 0
0 11011 1 0 0 0 null 30166 0
0 30417 0 0 0 25287 0 30209 0
0 30417 0 0 0 10914 0 30417 0
0 30164 1 0 0 29201 0 30338 4
0 28188 1 0 0 0 null 30166 0
0 30648 0 0 0 2446 0 30164 0
0 13626 1 0 0 0 null 30166 0
0 15670 0 0 0 268 0 438 0
0 10040 0 0 0 10234 0 1908 0
0 28373 0 0 0 1365 0 0 null
0 30323 0 0 0 9401 0 2073 0
0 30417 0 0 0 2258 0 9407 0
0 6511 1 0 0 0 null 30166 0
0 30154 1 0 0 30440 1 28540 3
0 28373 0 0 0 30417 0 26678 0
0 10040 0 0 0 10303 0 11590 0
0 30363 0 0 0 30711 1 30697 0
0 30417 0 0 0 3596 0 28373 0
0 30323 0 0 0 75 0 24521 0
0 28373 0 0 0 30423 0 25782 0
0 10040 0 0 0 10234 0 2446 0
0 30417 0 0 0 6938 0 30164 0
0 24635 0 0 0 2824 0 26399 0
0 30417 0 0 0 6938 0 30414 0
0 3630 0 0 0 30209 0 30323 0
0 28816 0 0 0 10293 0 19377 0
0 7169 1 0 0 0 null 30166 0
0 6428 0 0 0 26237 0 28816 0
0 28373 0 0 0 30417 0 27078 1
0 18843 0 0 0 30597 4 30422 4
0 30323 0 0 0 30414 0 30254 0
0 28373 0 0 0 30423 0 30156 0
0 2446 0 0 0 30164 0 30597 4
0 30323 0 0 0 27138 3 26688 3
0 8860 1 0 0 0 null 30166 0
0 30323 0 0 0 30488 0 26563 1
0 25774 0 0 0 28373 0 30164 0
0 30156 1 0 0 27881 3 30154 0
0 28373 0 0 0 30520 0 4347 0
0 28373 0 0 0 28816 0 12147 0
0 8680 1 0 0 0 null 30166 0
0 30520 0 0 0 26661 0 17773 0
0 30488 0 0 0 9407 0 0 null
0 30164 1 0 0 30626 4 30323 0
0 28373 0 0 0 10040 0 8990 0
0 2690 1 0 0 0 null 30166 0
0 26656 0 0 0 8734 0 2222 0
0 1832 0 0 0 1908 0 0 null
0 30166 1 0 0 30597 4 30711 1
0 30154 1 0 0 30194 0 29380 3
0 13397 0 0 0 3033 0 2857 0
0 26656 0 0 0 8734 0 30571 0
0 28928 1 0 0 30154 0 16483 0
0 30520 0 0 0 905 0 30571 0
0 4113 0 0 0 2446 0 8877 0
0 30164 1 0 0 5285 0 28373 0
0 29757 0 0 0 25452 0 30414 0
0 29635 0 0 0 28373 0 30417 0
0 12021 0 0 0 15084 0 438 0
0 30414 0 0 0 29201 0 30338 4
0 30164 1 0 0 8184 0 0 null
0 6428 0 0 0 30689 0 30323 0
0 30209 0 0 0 6428 0 30597 4
0 30414 0 0 0 30164 0 26688 3
0 28816 0 0 0 5691 0 26399 0
0 13047 1 0 0 0 null 30166 0
0 28373 0 0 0 30520 0 27138 3
0 94 0 0 0 8680 0 0 null
0 2315 0 0 0 30425 0 7847 0
0 30414 0 0 0 30488 0 25774 1
0 30520 0 0 0 905 0 2222 0
0 6428 0 0 0 30370 0 4611 0
0 24886 0 0 0 25422 0 30417 0
0 19377 0 0 0 30520 0 5439 0
0 30323 0 0 0 26506 0 2085 0
0 30522 0 0 0 30164 0 30156 0
0 2320 1 0 0 0 null 30166 0
0 2085 0 0 0 30520 0 2824 0
0 30417 0 0 0 25026 0 30414 0
0 30520 0 0 0 541 0 3033 0
0 30414 0 0 0 27138 3 26688 3
0 28373 0 0 0 30417 0 27076 1
1 29656 0 0 0 25667 0 28373 0
1 26912 0 0 0 28373 0 30323 0
1 28245 1 1 1 28373 0 30417 0
1 28895 1 0 1 28373 0 30417 0
1 20876 1 0 0 30154 0 26545 1
1 26439 0 0 0 25106 3 28373 0
1 26439 0 0 0 30472 1 28373 0
1 26563 0 0 0 28373 0 30323 0
1 30472 1 1 1 28373 0 30323 0
1 25106 1 1 1 30280 0 28373 0
1 27076 0 0 0 18326 1 26688 3
1 26439 0 0 0 30317 0 30281 3
1 30156 1 0 0 30472 1 30154 0
1 30317 1 0 0 30281 3 29448 3
1 27076 0 0 0 30180 5 24881 3
1 30172 1 1 0 30617 0 30194 0
1 30156 1 0 0 20876 3 30154 0
1 29656 0 0 0 25667 0 28245 3
1 26439 0 0 0 30156 0 30472 1
1 25102 0 0 0 30265 3 28643 5
1 30280 0 0 0 28373 0 30417 0
1 30487 0 0 0 30180 5 28699 3
1 30281 0 0 0 29448 3 30417 0
1 30194 0 0 0 30203 0 30280 0
1 28327 1 0 0 24784 0 30154 0
1 25486 1 0 1 30280 0 28373 0
1 30280 0 0 0 28373 0 30323 0
1 26843 1 0 1 28373 0 30417 0
1 29175 1 0 0 28373 0 30417 0
1 26439 0 0 0 28895 1 28373 0
1 26563 0 0 0 30472 1 28373 0
1 26563 0 0 0 25106 3 30280 0
1 25774 0 0 0 30180 5 24881 3
1 30173 1 1 0 28259 1 28373 0
1 27076 0 0 0 30180 5 28699 3
1 30317 1 0 0 30281 3 30417 0
1 30467 0 0 0 26193 0 30417 0
1 28650 0 0 0 28358 3 29383 0
1 25667 0 0 0 28245 3 28373 0
1 30487 0 0 0 28373 0 30417 0
1 26652 0 0 0 27005 1 25689 1
1 27076 0 0 0 25774 1 30156 0
1 26968 0 0 0 26563 1 28373 0
1 28650 0 0 0 29066 2 30512 2
1 30273 0 0 0 26475 3 28373 0
1 30154 1 0 0 30220 0 28373 0
1 26563 0 0 0 28895 1 28373 0
1 30280 0 0 0 9407 0 0 null
1 30180 1 0 0 24881 3 28373 0
1 25106 1 1 1 28373 0 30417 0
1 27076 0 0 0 26988 1 26688 3
1 30472 1 1 1 28373 0 30417 0
1 25594 0 0 0 29656 1 25667 0
1 26563 0 0 0 28373 0 30417 0
1 19038 0 0 0 30153 1 24787 1
1 18863 1 0 0 30154 0 25594 1
1 26688 0 0 0 28373 0 30520 0
1 28780 0 0 0 29106 3 29626 0
1 30467 0 0 0 30317 0 30281 3
1 30536 0 0 0 28373 0 30417 0
1 18863 1 0 0 28245 3 28373 0
1 30203 0 0 0 30280 0 28373 0
1 25854 0 0 0 24827 1 28373 0
1 30180 1 0 0 28699 3 26210 3
1 25102 0 0 0 30265 3 30353 4
1 25486 1 0 1 28373 0 30417 0
1 26319 0 0 0 28373 0 30520 0
1 26439 0 0 0 30440 1 27185 3
1 26439 0 0 0 28601 1 24064 3
1 29626 0 0 0 28373 0 30417 0
1 30153 1 0 0 24787 1 28373 0
1 30180 1 0 0 28699 3 28373 0
1 26688 0 0 0 28373 0 30417 0
1 26968 0 0 0 29880 1 25907 1
1 26988 0 0 0 26688 3 28373 0
1 18326 0 0 0 26688 3 28373 0
1 29656 0 0 0 25667 0 29175 0
1 26563 0 0 0 29609 1 30209 0
1 30617 0 0 0 30194 0 30203 0
2 30440 0 0 0 25362 3 30156 0
2 28537 1 0 0 30154 0 25660 0
2 25362 1 1 0 30156 0 28537 3
2 30411 1 0 0 29136 0 26586 3
2 26764 1 0 0 30440 1 25362 3
2 30156 1 0 0 28537 3 30154 0
2 25660 1 1 0 30164 0 30172 0
2 30154 1 0 0 25660 0 30164 0
3 28699 0 0 0 30154 0 30191 3
3 26867 1 1 1 30414 0 30180 5
3 28650 0 0 0 29066 2 29228 2
3 26094 0 0 0 28650 3 26688 3
3 30180 1 0 0 24881 3 28816 0
3 30417 0 0 0 30639 0 30414 0
3 29066 0 0 0 30512 2 30414 0
3 30440 0 0 0 28650 3 29066 2
3 30338 0 0 0 30633 0 30417 0
3 27138 0 0 0 26688 3 30156 0
3 28560 0 0 0 27905 5 28373 0
3 30194 0 0 0 29380 3 28373 0
3 29508 1 1 0 0 null 30166 0
3 29579 1 0 1 28373 0 30417 0
3 30180 1 0 0 24881 3 30417 0
3 25497 0 0 0 25727 0 28560 3
3 30273 0 0 0 28650 3 29066 2
3 25557 1 0 0 30417 0 26041 0
3 25362 1 1 0 30156 0 28537 3
3 30440 0 0 0 30338 4 30199 4
3 24881 1 0 1 28373 0 30417 0
3 26348 0 0 0 28373 0 30417 0
3 30172 1 1 0 30617 0 30194 0
3 28650 0 0 0 26688 3 9407 0
3 25395 1 0 0 30414 0 25435 3
3 24827 1 0 0 30154 0 26210 3
3 30273 0 0 0 30180 5 28699 3
3 30280 0 0 0 28373 0 30417 0
3 28650 0 0 0 26688 3 26867 1
3 28699 0 0 0 26210 3 28373 0
3 25913 1 0 1 30154 0 30597 4
3 26927 1 0 0 30154 0 26688 3
3 30156 1 0 0 24827 1 30154 0
3 25452 0 0 0 28650 3 26688 3
3 28650 0 0 0 25452 0 30414 0
3 29579 1 0 1 30154 0 24859 3
3 25497 0 0 0 28560 3 28816 0
3 28350 1 0 0 30154 0 24813 0
3 29130 1 0 1 30154 0 30273 1
3 30154 1 0 0 26688 3 30417 0
3 25175 1 1 0 0 null 30166 0
3 30154 1 0 0 28650 3 25452 0
3 28641 1 0 0 30154 0 28002 0
3 24881 1 0 1 30414 0 26867 1
3 30180 1 0 0 24881 3 30164 0
3 28650 0 0 0 22334 3 0 null
3 30180 1 0 0 24881 3 30414 0
3 30199 1 0 0 30449 3 30417 0
3 29228 1 0 0 0 null 30166 0
3 26773 1 0 1 25452 0 30417 0
3 26214 1 0 1 28699 3 30191 3
3 30180 1 0 0 28699 3 30191 3
3 29066 0 0 0 30512 2 30417 0
3 30156 1 0 0 28365 3 30154 0
3 30421 0 0 0 30180 5 28699 3
3 28650 0 0 0 25452 0 30417 0
3 28540 0 0 0 30417 0 3630 0
3 30417 0 0 0 28650 3 25452 0
3 30472 1 1 1 30417 0 30499 0
3 30639 0 0 0 30414 0 26620 0
3 24881 1 0 1 30154 0 30180 5
3 26446 1 1 1 30414 0 30472 1
3 26875 1 1 1 30414 0 26877 3
3 27099 0 0 0 28540 3 30417 0
3 27660 1 1 1 0 null 30166 0
3 30295 1 1 1 30507 3 30338 4
3 27138 0 0 0 22334 3 0 null
3 24881 1 0 1 0 null 30166 0
3 30327 0 0 0 30338 4 30199 4
3 28650 0 0 0 29066 2 30512 2
3 26448 1 1 0 30180 5 24881 3
3 27138 0 0 0 26688 3 19070 0
3 25261 0 0 0 30273 1 30440 1
3 25452 0 0 0 28373 0 30417 0
3 27138 0 0 0 26688 3 13910 0
3 28650 0 0 0 26688 3 30209 0
3 30180 1 0 0 26773 3 25452 0
3 28537 1 0 0 30154 0 25660 0
3 21985 1 0 0 0 null 30166 0
3 26688 0 0 0 26867 1 28373 0
3 30440 0 0 0 30243 3 27701 0
3 28699 0 0 0 26210 3 30417 0
3 30156 1 0 0 28350 0 30154 0
3 30191 1 0 0 30417 0 25934 0
3 30154 1 0 0 28650 3 29066 2
3 27138 0 0 0 26688 3 28373 0
3 25497 0 0 0 28560 3 21505 0
3 30173 1 1 0 30327 0 25452 0
3 28424 1 0 0 30154 0 30440 1
3 25660 1 1 0 30164 0 30172 0
3 26960 1 0 0 30154 0 25497 3
3 26688 0 0 0 30417 0 26906 3
3 28895 1 0 1 30154 0 28650 3
3 29130 1 0 1 30154 0 28458 2
3 28780 0 0 0 29106 3 29626 0
3 29066 0 0 0 30512 2 28816 0
3 25774 0 0 0 26087 0 28373 0
3 30180 1 0 0 24881 3 25452 0
3 25497 0 0 0 28560 3 30417 0
3 30156 1 0 0 28450 3 30154 0
3 29066 0 0 0 29228 2 0 null
3 28329 1 0 0 25497 3 28560 3
3 26379 0 0 0 26205 3 30154 0
3 26938 1 1 1 30154 0 30295 3
3 30472 1 1 1 30154 0 30173 1
3 22050 1 1 1 30414 0 25106 3
3 30180 1 0 0 25329 3 30156 0
3 24881 1 0 1 30417 0 27091 0
3 30156 1 0 0 28357 1 30154 0
3 30449 0 0 0 30417 0 28650 3
3 26959 0 0 0 30317 0 30281 3
3 25452 0 0 0 30417 0 26041 0
3 30440 0 0 0 25362 3 30156 0
3 30180 1 0 0 24881 3 26656 0
3 29036 1 1 0 30154 0 26001 0
3 26448 1 1 0 30414 0 26423 3
3 25497 0 0 0 28560 3 30164 0
3 26688 0 0 0 28373 0 30417 0
3 30273 0 0 0 30156 0 28350 0
3 26867 1 1 1 30417 0 26041 0
3 29579 1 0 1 30417 0 15620 0
3 28650 0 0 0 26688 3 10171 0
3 26448 1 1 0 30154 0 26982 3
3 26867 1 1 1 28373 0 30417 0
3 24881 1 0 1 30417 0 30499 0
3 26688 0 0 0 30417 0 26041 0
3 29579 1 0 1 30417 0 6938 0
3 22334 1 0 0 0 null 30166 0
3 26945 1 0 1 24881 3 28373 0
3 30180 1 0 0 24881 3 17158 0
3 26688 0 0 0 30417 0 30639 0
3 26867 1 1 1 28650 3 26688 3
3 30414 0 0 0 27071 3 25422 0
3 28337 1 1 1 28650 3 26688 3
3 30180 1 0 0 24881 3 21333 0
3 28357 1 0 0 30154 0 21684 3
3 30156 1 0 0 26927 3 30154 0
3 26944 0 0 0 25727 0 28560 3
3 24881 1 0 1 30417 0 26041 0
3 29297 1 0 0 30154 0 30440 1
3 27099 0 0 0 21741 0 0 null
3 24881 1 0 1 30417 0 25823 3
3 30597 0 0 0 30199 4 30449 3
3 30180 1 0 0 28699 3 28650 3
3 30180 1 0 0 24881 3 30154 0
3 27881 1 0 0 30154 0 28650 3
3 29640 1 0 0 30154 0 30440 1
3 28650 0 0 0 25452 0 28373 0
3 28331 1 0 0 25497 3 28560 3
3 30317 1 0 0 30281 3 29448 3
3 28650 0 0 0 25452 0 30209 0
3 27138 0 0 0 26688 3 30417 0
3 25376 0 0 0 26348 3 28373 0
3 30317 1 0 0 24812 0 26764 2
3 28699 0 0 0 30191 3 30417 0
3 30156 1 0 0 28537 3 30154 0
3 26688 0 0 0 9407 0 0 null
3 25557 1 0 0 30154 0 28331 0
3 30180 1 0 0 24881 3 28650 3
3 28217 1 0 0 0 null 30166 0
3 26244 0 0 0 30317 0 30281 3
3 28560 0 0 0 30417 0 26041 0
3 30156 1 0 0 26210 3 30154 0
3 30199 1 0 0 28373 0 30417 0
3 30281 0 0 0 29448 3 30417 0
3 30180 1 0 0 24881 3 30520 0
3 22628 1 0 0 0 null 30166 0
3 28699 0 0 0 30191 3 30164 0
3 28699 0 0 0 28650 3 25452 0
3 28699 0 0 0 30191 3 30414 0
3 30472 1 1 1 30154 0 27159 3
3 25960 0 0 0 30317 0 30281 3
3 30172 1 1 0 28560 3 30673 0
3 26688 0 0 0 30180 5 24881 3
3 29066 0 0 0 30512 2 28373 0
3 30617 0 0 0 30194 0 30363 0
3 30414 0 0 0 26620 0 25422 0
3 26423 1 1 0 30180 5 24881 3
3 30180 1 0 0 24881 3 0 null
3 29579 1 0 1 30417 0 26041 0
3 30156 1 0 0 26448 3 30154 0
3 28780 0 0 0 30180 5 24881 3
3 24881 1 0 1 28650 3 26688 3
3 26688 0 0 0 30417 0 26094 0
3 30472 1 1 1 0 null 30166 0
3 30180 1 0 0 30156 0 28699 3
3 30156 1 0 0 28699 3 30154 0
3 25310 1 0 0 28373 0 30417 0
3 28365 0 0 0 30154 0 29960 0
3 28650 0 0 0 25452 0 30154 0
3 30156 1 0 0 29036 0 30154 0
3 30194 0 0 0 30363 0 30565 5
3 30317 1 0 0 30281 3 28242 3
3 24881 1 0 1 30417 0 15620 0
3 30156 1 0 0 30273 1 30154 0
3 28650 0 0 0 28358 3 29383 0
3 30180 1 0 0 24881 3 30423 0
3 28450 1 0 0 30154 0 28259 1
3 30191 1 0 0 30417 0 9564 0
3 25452 0 0 0 30194 0 29380 3
3 30180 1 0 0 24881 3 30323 0
3 28540 0 0 0 28373 0 30417 0
3 29640 1 0 0 28373 0 30417 0
3 24881 1 0 1 30417 0 29757 0
3 26906 0 0 0 30414 0 27071 3
3 30180 1 0 0 24881 3 28373 0
3 26688 0 0 0 30209 0 30164 0
3 30156 1 0 0 27881 3 30154 0
3 30317 1 0 0 30617 0 30414 0
3 30154 1 0 0 25660 0 30164 0
3 25106 1 1 1 0 null 30166 0
3 25497 0 0 0 28560 3 27905 5
3 26688 0 0 0 28373 0 26656 0
3 28650 0 0 0 26688 3 30180 5
3 30440 0 0 0 30327 0 30338 4
3 30338 0 0 0 30199 4 28373 0
3 30180 1 0 0 24881 3 10040 0
3 30295 1 1 1 30507 3 29304 3
3 29579 1 0 1 0 null 30166 0
3 25960 0 0 0 30507 3 30417 0
3 30322 0 0 0 30338 4 30417 0
3 25329 1 0 1 30156 0 26210 3
3 27109 1 0 0 0 null 30166 0
3 27138 0 0 0 26688 3 24394 0
3 30156 1 0 0 25066 1 30154 0
3 30363 0 0 0 30565 5 30280 0
3 28650 0 0 0 26688 3 30417 0
3 29781 1 0 0 0 null 30166 0
3 29380 1 0 1 9407 0 0 null
3 30154 1 0 0 30172 0 30617 0
3 30440 0 0 0 30183 0 29921 0
3 30440 0 0 0 28540 3 28373 0
3 29579 1 0 1 30154 0 26310 3
3 30440 0 0 0 28540 3 30417 0
3 30507 0 0 0 30338 4 30633 0
3 30180 1 0 0 28699 3 26210 3
3 28458 1 0 1 29066 2 30512 2
3 28560 0 0 0 30673 0 25236 3
3 26867 1 1 1 30154 0 25323 3
3 25310 1 0 0 30154 0 30597 4
3 24881 1 0 1 30417 0 30488 0
3 30417 0 0 0 26906 3 30414 0
3 25066 0 0 0 30154 0 26429 3
3 29579 1 0 1 28650 3 26688 3
3 25376 0 0 0 25774 1 26087 0
3 28650 0 0 0 28358 3 30157 3
3 26210 1 0 0 30154 0 28650 3
3 28073 1 0 1 30154 0 25814 3
3 28650 0 0 0 22628 3 0 null
3 21741 1 0 0 0 null 30166 0
3 28650 0 0 0 26688 3 28373 0
3 24859 1 0 0 28650 3 25452 0
4 30201 0 0 0 30216 5 30388 5
4 30465 0 0 0 30216 5 30388 5
4 30597 0 0 0 30199 4 30280 0
4 30570 0 0 0 30414 0 30626 4
4 30597 0 0 0 30494 4 30520 0
4 30199 1 0 0 30280 0 30417 0
4 30199 1 0 0 30216 5 30388 5
4 30546 0 0 0 30280 0 30323 0
4 30201 0 0 0 30422 4 30280 0
4 30199 1 0 0 30280 0 30585 0
4 30465 0 0 0 30199 4 30417 0
4 30465 0 0 0 30180 5 30323 0
4 30597 0 0 0 30304 4 30323 0
4 30280 0 0 0 30323 0 30156 0
4 30597 0 0 0 30711 1 30323 0
4 30422 0 0 0 30216 5 30388 5
4 30597 0 0 0 30199 4 30449 3
4 30597 0 0 0 30199 4 30614 5
4 30597 0 0 0 30199 4 30244 0
4 30597 0 0 0 30199 4 30231 5
4 30199 1 0 0 30323 0 30488 0
4 30422 0 0 0 30280 0 30323 0
4 30632 1 0 0 30154 0 30597 4
4 30465 0 0 0 30180 5 30280 0
4 30154 1 0 0 30140 4 30629 4
4 30180 1 0 0 30280 0 30323 0
4 30597 0 0 0 30199 4 30414 0
4 30626 0 0 0 30216 5 30388 5
4 30597 0 0 0 30180 5 30280 0
4 30597 0 0 0 30422 4 30216 5
4 30280 0 0 0 30323 0 30499 0
4 30388 0 0 0 30280 0 30323 0
4 30597 0 0 0 30494 4 30417 0
4 30597 0 0 0 30546 4 30323 0
4 30597 0 0 0 30303 4 30323 0
4 30597 0 0 0 30199 4 30724 4
4 30597 0 0 0 30230 5 30323 0
4 29928 1 0 0 0 null 30166 0
4 30388 0 0 0 30280 0 30417 0
4 30280 0 0 0 30641 0 30323 0
4 30199 1 0 0 30417 0 26041 0
4 30216 0 0 0 30388 5 30280 0
4 30199 1 0 0 30280 0 30641 0
4 30597 0 0 0 30199 4 30520 0
4 30597 0 0 0 30199 4 30156 0
4 30626 0 0 0 30280 0 30323 0
4 30199 1 0 0 30449 3 30323 0
4 30465 0 0 0 30199 4 30280 0
4 30465 0 0 0 30180 5 30414 0
4 30597 0 0 0 30140 4 30629 4
4 29781 1 0 0 0 null 30166 0
4 30199 1 0 0 30414 0 30180 5
4 30199 1 0 0 30323 0 26688 3
4 30199 1 0 0 0 null 30166 0
4 30199 1 0 0 30323 0 26782 3
4 30404 1 0 0 30154 0 30140 4
4 30199 1 0 0 30323 0 30499 0
4 30597 0 0 0 30494 4 30323 0
4 30597 0 0 0 30199 4 30417 0
4 30597 0 0 0 30199 4 30585 0
4 30216 0 0 0 29928 4 0 null
4 30199 1 0 0 30449 3 30417 0
4 30216 0 0 0 30388 5 30414 0
4 30597 0 0 0 30180 5 30323 0
4 30180 1 0 0 30414 0 30199 4
4 30597 0 0 0 30546 4 30280 0
4 30626 0 0 0 30280 0 30417 0
4 30156 1 0 0 30161 0 30154 0
4 30280 0 0 0 30323 0 26041 0
4 30280 0 0 0 30585 0 30323 0
4 30626 0 0 0 30280 0 30585 0
4 30216 0 0 0 30388 5 30323 0
4 30199 1 0 0 30280 0 30323 0
4 30597 0 0 0 30199 4 30388 5
4 30180 1 0 0 30323 0 30499 0
4 30465 0 0 0 30180 5 30417 0
4 30161 1 0 0 30154 0 30547 1
4 30597 0 0 0 30180 5 30417 0
4 30216 0 0 0 30388 5 30417 0
4 30465 0 0 0 30280 0 30323 0
4 30140 0 0 0 30629 4 30414 0
4 30597 0 0 0 30199 4 30563 0
4 30465 0 0 0 30199 4 30216 5
4 30597 0 0 0 30199 4 30323 0
4 30199 1 0 0 30323 0 26041 0
4 30199 1 0 0 30156 0 30161 0
4 30597 0 0 0 30199 4 30589 4
4 30199 1 0 0 30585 0 30323 0
4 30597 0 0 0 30199 4 30216 5
4 30465 0 0 0 30199 4 30323 0
4 30597 0 0 0 30168 0 30594 0
4 30597 0 0 0 30199 4 30529 4
4 30201 0 0 0 30422 4 30323 0
4 30161 1 0 0 30154 0 30724 4
4 30156 1 0 0 30404 4 30154 0
5 29201 0 0 0 30338 4 30363 0
5 30597 0 0 0 30709 5 30323 0
5 30709 1 1 0 29201 0 30338 4
5 30597 0 0 0 30699 5 30323 0
5 30156 1 0 0 30165 0 30154 0
5 30278 0 0 0 30338 4 30711 1
5 30597 0 0 0 30199 4 30301 5
5 30338 0 0 0 30199 4 30280 0
5 30597 0 0 0 29084 5 30417 0
5 29201 0 0 0 30338 4 30199 4
5 30338 0 0 0 30546 4 30280 0
5 30278 0 0 0 30338 4 30323 0
5 30278 0 0 0 30338 4 30180 5
5 29201 0 0 0 30338 4 30180 5
5 30597 0 0 0 30301 5 30323 0
5 30280 0 0 0 30209 0 30323 0
5 30597 0 0 0 30709 5 30417 0
5 30338 0 0 0 30180 5 30280 0
5 30199 1 0 0 30301 5 30323 0
5 30199 1 0 0 30280 0 30209 0
5 30597 0 0 0 29847 5 30417 0
5 28322 1 1 0 28917 5 29144 5
5 30699 1 1 1 29201 0 30338 4
5 30597 0 0 0 30059 4 30323 0
5 30280 0 0 0 28373 0 30323 0
5 30156 1 0 0 30161 0 30154 0
5 30278 0 0 0 30338 4 30304 4
5 29201 0 0 0 30338 4 30546 4
5 30199 1 0 0 30301 5 30280 0
5 30278 0 0 0 30338 4 30710 5
5 30597 0 0 0 29847 5 30323 0
5 30278 0 0 0 30338 4 30363 0
5 30278 0 0 0 30338 4 30230 5
5 30597 0 0 0 30199 4 30529 4
5 30278 0 0 0 30338 4 30199 4
5 28506 0 0 0 30338 4 30199 4
5 30287 0 0 0 30328 3 28588 3
